20
3.15943105038410365637 0.9436326070897148587946 0.94280903604266352857622 -0.33333334900112165932739
3.1604244006292234736578 1.0534747731440770035505 0.9486832983156227028232 0.31622776522151146982865
-3.1604243692661970754897 1.0534747934690493753607 -0.94868329628193348579401 0.31622777132257878784927
-3.1594310208756408719921 0.94363263065578228960817 -0.94280904497609574477223 -0.33333332373355972766404
-3.1391890129885218208016 -0.88429686988106359635253 -0.94995942943675093506072 0.31237330619661224373474
-3.1391890129885218208016 -0.88429686988106359635253 -0.48069943708619283784244 0.8768854264868457537574
-5.8919227428177300964762 -0.86698645894663362021503 0.49168947360823361814042 0.87077061361925767180026
-5.8919227428177300964762 -0.86698645894663362021503 0.75170168329400655071737 0.65950328227610621745214
-5.8919226682876688627743 2.8669864838548559937693 0.75170165696664892340806 -0.65950331228402059302595
-5.8919226682876688627743 2.8669864838548559937693 0.49168946970075505520371 -0.87077061582565484787465
-3.0845510288488475758583 2.8535532650103605512016 -0.50000000495497098906838 -0.86602540092368474056172
-2.880426704576075636055 2.8804267408110897363827 0.70710677632375085188699 -0.70710678604934418256533
2.880426778031350387721 2.8804267239298071423548 -0.70710678046788288941826 -0.70710678190521203401175
3.0845511006470598402985 2.8535532460669945642451 0.49999999101165609749487 -0.86602540897386137697111
5.8919226726292093232474 2.8669864642787459274587 -0.49168945587332207880493 -0.87077062363345514306445
5.8919226726292093232474 2.8669864642787459274587 -0.75170165849510284239443 -0.65950331054188904289503
5.8919227459536900326498 -0.86698647306344234220176 -0.7517016843965956818252 0.65950328101937472080607
5.8919227459536900326498 -0.86698647306344234220176 -0.49168948404671086738204 0.8707706077250652043631
3.1391889738557652300699 -0.88429686469461998843399 0.48069946006495484214228 0.87688541389012775173484
3.1391889738557652300699 -0.88429686469461998843399 0.94995944463106274380238 0.31237325998913967328719

20
3.0000000370013402140046 0.9999999854175507518761 0.16910212703513882726015 0 1
1.2294017445235400505424e-08 -2.0023731094541143787767e-08 3.3313798123636271242277 1 2
-3.0000000059822156117661 1.0000000047108197342994 0.16910212703513882726015 2 3
-5.8284271048575355678167 4.6256788883565518443061e-08 -2.8308978347249147411446 3 4
-3.1391890129885218208016 -0.88429686988106359635253 0 4 5
-4.5000000422217665274615 1.598076246614254181111 -2.8308979046905804466405 5 6
-5.8919227428177300964762 -0.86698645894663362021503 0 6 7
-3.7639320579688786416738 0.99999996997944096133182 -2.8308978576765380097413 7 8
-5.8919226682876688627743 2.8669864838548559937693 0 8 9
-4.4999999869182651934806 0.4019237865077074367548 -2.8308978880848014725302 9 10
-2.9999999644933823539361 3.000000002373014229562 0.16910212703513882726015 10 11
2.8286996009428078057955e-08 -3.166956261177903329122e-08 -4.0735385790508393810682 11 12
3.0000000386494383164405 2.9999999847909504246957 0.16910212703513882726015 12 13
4.5000000248708760253181 0.40192373502973072207923 -2.830897899337800449615 13 14
5.8919226726292093232474 2.8669864642787459274587 0 14 15
3.7639320562566265238047 0.99999995382004036592605 -2.8308978599738527925921 15 16
5.8919227459536900326498 -0.86698647306344234220176 0 16 17
4.5000000422692325585672 1.5980761689484135334994 -2.8308978508725317624339 17 18
3.1391889738557652300699 -0.88429686469461998843399 0 18 19
5.8284271536483283071562 -6.4597734874596095896714e-08 -2.830897882000622090004 19 0

8
-0.2554708204284725781008 1.0931165731915617467252 0.071024567723584119960379 0.99747456648261367817554
-0.35371922157078061754731 1.0278858402565875795887 -0.94685231600816111008356 0.32166860535336883053504
-0.32823407303369500631617 -1.0363054342455371159559 -0.93862206886842458608555 -0.34494725949506876983008
-0.22840515176534323393831 -1.0990906432330607156444 0.09562938057500550148582 -0.99541700888162476523746
0.25547080873151428725976 -1.0931165737893313583128 -0.071024577623825940753121 -0.99747456577767290575309
0.35292480381262347766125 -0.96354216270732429006073 0.93862206972148187755778 0.34494725717384927543563
0.32902847899421577837487 0.97196176032126913035825 0.94685231361749411238549 -0.32166861239045163589622
0.2284051496058429886471 1.0990906483069147192567 -0.095629393542261700855711 0.99541700763586482558765

8
-0.26232631575624026920579 0.99683746232528025466025 0.096522872964861200495435 0 1
2.5782306344239436235455 0.031831645532830521450052 3.0965228752415629998041 1 2
-0.23763557431829288035807 -1.0030101337377177461718 0.096522872964861200495435 2 3
0.049252570124725669753474 -3.9892611886745821259125 -2.9034771554573874929872 3 4
0.26232630501488174434855 -0.99683746299109310395891 0.096522872964861200495435 4 5
3.0781925046469025275542 0.038004305027251501780672 -2.9034771168793738205238 5 6
0.23763557341042942927523 1.0030101389318157867337 0.096522872964861200495435 6 7
-0.049252610297271723349687 3.9892611939090083517101 -2.9034771592523878069869 7 0

506
0.99998352241814325580549 0.0057406351741634328161857 -3.5200384800091515380415 2.0793131236474380330038
0.99995197162986448891076 0.009800736377812785393715 -3.5029652841484453240639 0.14007289385155036187669
0.99971754256021072571059 0.023766259642063441992477 -3.5051485407358327073268 0.17253930469249922907693
0.99971689483401293685461 0.023793490358495681530338 3.4187828179093329161731 1.7796483907857498785177
0.99962900790870312661696 0.027236860088171777061206 3.4221922428024291740201 1.7806392862233912932624
0.9992032274493166665863 0.039911279794935389242383 -3.5327841865352778150111 0.1314277296826500407434
0.99874322096078860244717 0.050119642704930383869666 3.3856147571553401043332 1.7623546952601838455621
0.99858473489413768220402 0.053183900161653946403462 -3.5341759815974786995695 0.16369305831760200264924
0.99776737313703811604882 0.06678524614924283286932 3.5803087017125188040723 0.10690561551314248234235
0.99711583732057029738627 0.075894709726688144857399 -3.5228119175230414583666 0.17439587207545703684275
0.9955167743485285880567 0.094585157348820309008986 3.361715713554393136775 1.7668929773247004089143
0.98343717446450273911296 0.18124934174025461586233 -3.701486087755287535117 1.9712229967448930967322
0.97381046436759033380071 0.22736134123500142956154 -3.7340924203470979847452 1.9950858955627954749446
0.97271625064202427157767 0.23199805114897656399542 3.736867095785247894213 0.0026775066174891115622359
0.95046155184502323365337 0.31084214396434511895607 3.1922466215627380847764 1.7293968400608790147999
0.94936987736682365568442 0.31416052576430175680145 -5.9339655996255729064614 0.24394615165157251812645
0.94936986640257947644984 0.31416055889743577100859 5.9339655644935627165638 1.7560538604834829978785
0.94896336357786537085702 0.31538632593532683889848 -3.7942087940703124182562 0.0090823973366762622561055
0.94687812071159804805376 0.32159263753648453798562 -5.9276997220388540910107 0.23518787626382109401391
0.94687810964054963669412 0.32159267013341524821258 5.9276996869438045578705 1.7648121353773544850441
0.94493121815588521084095 0.32726899173987628044458 -5.9230711817468693070054 0.22221703950351470724379
0.94493120699361676795292 0.32726902396894647084836 5.9230711463729104337972 1.777782971248347276827
0.93519951938892065257392 0.35412124891727742026504 5.963101429601779024381 1.7687959322464468225889
0.93305763810483599574042 0.35972690193287643056764 -5.216011521871300793407 -1.6390702872059721428854
0.9330576254678497605255 0.35972693471061928383037 5.9584483451318535074393 1.7819791395821831248015
0.92732986520924787221532 0.37424500142419853121468 -3.8355296875872655348871 0.0084407590157529188701347
0.92588202191296231635676 0.37781275984059209394062 5.1998652073762334779872 0.02051433415193737452853
0.92588202173622013990695 0.37781276027372356907109 -5.1998651416661108015659 1.9794856692368407724559
0.92201227247477124393527 0.38716065064247978666501 -3.8133918267076714059271 0.017876577582149222322983
0.91944647751477615038596 0.39321517644372633304429 -5.1969842824991063778838 1.9775743440516764248827
0.91944647696710946060961 0.39321517772432296178309 5.1969843470754959469105 0.02242565939824303633543
0.918835662917694362406 0.39464037369559828993815 -3.3630677601097995754741 0.21572470815710759195483
0.91707026767484944862475 0.39872562514438492087266 -5.2064270927089664198206 1.9733634232672969677225
0.91707026690508841593186 0.39872562691483715013874 5.2064271578422456343561 0.026636580617008354110454
0.9137998412499195310943 0.40616480661379500416431 -5.6542273211517173336915 1.769867494252846729097
0.9137998398494423524241 0.40616480976462460139587 5.6542273910006421999697 0.23013251947835433597334
0.91321257908780051337772 0.40748347867834816549149 3.778567014923632338963 1.9665311103391338587443
0.90987111166790057836807 0.41489102201929994873098 3.7450236498580959931815 1.9529417533272337426098
0.90987111164419987030528 0.41489102207127576127377 3.3327346916250051300779 1.7587591738485226500189
0.90762057578223565013076 0.41979148444998665157258 3.0175469762586817346062 1.8020647202477328985282
0.89077520061850001820148 0.45444421215708247219212 3.0636820998659741732695 1.8036298965093582324926
0.84801437618961683639896 0.52997322364034160635527 -3.9699588734167083892145 -0.11147550257489430292068
0.84256703441575797608465 0.53859148945730195290338 2.917942257858208154886 2.0365599938220411146972
0.84052944091587122876775 0.54176587097532569181624 -3.946133011206273799587 -0.10390557929869997932925
0.83865527057226130214219 0.54466259017979912204766 2.9049862639853434309601 2.0546089319396845240818
0.83694876823837704993281 0.5472812433696807588035 -5.0650467744582909901396 2.1002267333341988475582
0.83694876494815484413437 0.54728124840136693762816 5.0650468370036154652781 -0.10022673520212299624887
0.83364950500507284392171 0.5522938554834709856678 -5.0752279880144044454937 2.0968053511203472716318
0.83364950138771165555341 0.5522938609436283119436 5.075228051214948798986 -0.096805352636530117571567
0.82832603059511433762908 0.56024636280706163748989 3.9085788061661488335119 2.0912229249175555700902
0.82441760417473419764179 0.56598199081489519723931 2.8839319693260163646187 2.0333045551391490946003
0.82225565107710452128487 0.56911830428459020403409 2.8765598018009752578906 2.0439714949558722700829
0.80731174182814480211335 0.59012519985712108550047 2.8191496167601992617336 0.13219452694896505207112
0.79899062490312333650878 0.60134348031463402683983 2.8175967762139473293815 0.090150600247422496558159
0.79654242946228548394317 0.60458263129726119711194 2.8348783460742059681082 2.0266084586568786640726
0.78547806242588180669629 0.6188895001918215399428 -4.0734174636084992116025 1.5321012966093454643613
0.77148630494936654145022 0.63624592829783443992398 -2.3573462045556370370036 1.8871715138458442506675
0.77060217718221912797106 0.63731647124644774660141 2.6573577652341695554128 2.3585327838633207697683
0.77018009818690902346106 0.63782647825000460262146 2.9516574793014531685742 2.098152714113711070354
0.76804412778680075657434 0.640396922050858186104 -2.6730024707865012167928 1.8474248715615300131532
0.76188052617397883370388 0.6477175803055386094087 -4.9989330094379660351933 -1.3724948689055840311823
0.76188051458377992197768 0.64771759393855832254161 6.3130807906173398436068 1.8648425627357503309157
0.75826420673587535681293 0.65194738498073145915868 -1.9633765022064537664192 2.2273315427752238271353
0.7579799033339690295108 0.65227790560605936054373 -4.9810978512423984554402 -1.3754354409853561946874
0.75580058273791084211269 0.65480186249966820799529 -1.9897689321809228779613 2.2057554665484255806974
0.75568771676273593929097 0.65493211459961497844518 -1.9844783878209193428432 2.2098902467460801446464
0.75367434049732195955329 0.65724804181977347639077 4.038465542264569663189 -1.3785347324989509765202
0.74442094072586906250422 0.66771061322163549611731 4.0800853352181549738021 -1.3846906996003265355454
0.72836557829420933707354 0.68518872170821787381812 -5.3052006058602874105645 1.9099460579289848638496
0.72836555872188379900934 0.68518874251388439677868 5.3052006511391205378914 0.090053938318744530810989
0.72424069777869826136652 0.6895472512315777846581 -5.310633371985325368314 1.9006806375380187468239
0.72424067776982936628372 0.68954727224715961497737 5.3106334172361435719268 0.099319359690327457812487
0.65614748942478728910289 0.75463267363767716489065 2.3585328152347568853032 2.6573577297324026957881
0.6550990742496759500213 0.75554298548607923269316 -1.8871714546331392892142 2.3573462628082721970202
0.60444848736425371704684 0.79664422807365242729106 -4.8666787152632666746399 2.4097731695323667544529
0.60444846213730363260198 0.79664424721443172217051 4.8666787718569342047204 -0.4097732008864970465467
0.59795479441876897563902 0.80152982716278731167848 -5.1575190565955661980979 2.0131026102932096932819
0.59795476888412080196389 0.80152984621206579962661 5.1575191017333237297749 -0.013102621226118493780177
0.59313410785367315369854 0.80510367661601667244043 -5.1635735165124820866822 2.0047215583202131483632
0.59313408184083638019502 0.8051036957801327442752 5.1635735617123978968835 -0.0047215683397724972358844
0.57961247658762293788471 0.81489224869547161045347 -5.1648547484756575087772 2.0079326271375061985225
0.57961244881050821842195 0.81489226845263795784292 5.1648547935806581321572 -0.0079326380229546300526521
0.55601433554083390387036 0.83117270087093531039102 -3.7199333045515716733575 2.3799669445311555371348
0.55011578145284090179957 0.8350883947203017187988 -3.7197953701947179538933 2.3850969467114366828753
0.54470579668035823406314 0.83862720863493123157895 -3.7137212220731181666621 2.3896487460167570304748
0.50479828415436989175192 0.86323733255391843499638 -6.5760287382934370370435 -0.079508634335214045663065
0.49960897230039147398629 0.86625104605821234837749 -6.5695000541767489821154 -0.09636437864556313126485
0.49960894616532514067587 0.86625106113157157583516 4.8247941852574269816501 3.0741177746792769376328
0.44207164037973117887149 0.89697974602104257879632 1.8020647615857339207679 3.017546925927815593127
0.42196592934046911471669 0.90661168891418664195215 4.0595002825845947214134 0.272779021989783321267
0.40550051014839499918808 0.91409481798629166338089 -4.0724790306950513496531 1.7079405757129180187804
0.40178574584634302313547 0.915733702795031079269 -4.0538934286804737539 -0.23353962061231775537706
0.39594059028465844463085 0.91827612893129062499043 -4.0789447050054885579584 1.6993455073862369086868
0.39510446000434717994665 0.9186361987667770456767 -4.0804412529192060077321 1.6957282723821973657863
0.39163301230477237657724 0.92012150484220855961582 -3.652381233626188716812 2.5566375749130050287761
0.38895636341667555457847 0.92125617900651035618865 -4.0508046426935298001126 -0.20873166167899137590779
0.36537569964819255341482 0.93086013885347684837513 -3.6584659895324409539796 2.5486126484249220780499
0.34355482754629335095942 0.9391326213425008617719 -3.6437365992646530976628 2.5685355010997286129282
0.26552892398925465045068 0.96410289415866212703322 4.2811427917803426268506 0.8996786855277199013159
0.26552892346825945901756 0.96410289430215245776168 4.1655669129476171619331 0.45884847452931154521139
0.25768561048275967495514 0.96622881666307580683651 4.1583357137820105009496 0.42338669618591517895823
0.24804933808474313727821 0.96874740044849727560461 -4.2827475758399407013143 1.0771349427181511337893
0.24411397034851878284912 0.96974654909449542472544 -4.2615990338820264327068 -0.86519378965035520501203
0.23622550034991171563626 0.97169826231419920148369 -4.1493694531715688000872 -0.38629905525727931125956
0.22263060215726113155732 0.97490287464090275015849 -4.1441377399848216001032 -0.36280972330908300982343
0.1948529797799924689894 0.98083246085703057470795 -4.1616580713563386950681 2.7069005893123159189884
0.18545774067403503204688 0.98265224083807145571968 -6.7860022662746590782489 -0.3634080546726848326422
0.18545772796359077938533 0.98265224323693645125389 4.8162683827400236680206 2.7100328502661286123044
0.17955756652260571049063 0.98374746774997090525972 4.8024118990452340227649 2.7118891937292648464109
0.17308488160571852687575 0.98490691121523488149592 2.2388469740100451765841 -0.39200255553608709391255
0.16381037121545480306218 0.98649184602927919574001 -4.1518323680651478824188 2.6703957893249348209964
0.1610882632246542489618 0.98694000397757963849444 -4.13721803239451002554 -0.40355215421138684872559
0.16084261997502127816695 0.98698006646515989981339 -4.1588644225449407088035 2.6713851098216561119614
0.15139011091651893847754 0.98847409390265994488801 -4.8194018458076124389322 -0.67454575505827285564208
0.15139009603382219681933 0.98847409618202464187676 4.8194017779948863378082 2.6745457332718665099947
0.14545562610093612510021 0.98936477642757481021363 -4.8057582605035253919822 -0.67642154115628982946617
0.14545561150348396139976 0.98936477857368065880195 4.8057581933988879896447 2.6764215189748301604312
0.13894672070616781445196 0.99029985802533715411045 4.2092048446850922616136 -0.67838295923208280502336
0.13769588841655755473426 0.99047455409675977389128 -4.7959029414465641494302 -0.68076219749758870580791
0.13769587426013898956434 0.99047455606478684853045 4.7959028745839331620005 2.6807621747427710090506
0.12510149995366631747729 0.99214394858273613486688 4.2410288576275982919129 -0.68222248139096974828277
0.10479896352263180780984 0.99449342745167634838311 4.249721618704185743809 -0.69773144694008149002684
-0.080214103339673756276617 0.99677765706571319626051 -4.2497216470581538061423 -0.69773142976493640610158
-0.10056845642081047031979 0.9949301410516899757397 -4.2410288848608415079866 -0.68222246501873640145419
-0.1132002299091994790281 0.99357219563980592180741 -4.7959028822706075700921 2.6807622078261736930927
-0.11320024348522114698845 0.9935721940930548612414 4.7959029505563313122707 -0.68076221552696525307624
-0.11445498470117275446877 0.99342843550859505352691 -4.2092048727261088814088 -0.67838294344778715672106
-0.12098500049925756116842 0.99265433543313319475488 -4.8057582006846129019095 2.676421552172167483974
-0.12098501480836015842257 0.99265433368913524869726 4.8057582693109672788979 -0.67642155930074909786497
-0.126939665719488753437 0.99191044014418205954087 -4.8194017844737073730243 2.6745457662959335465303
-0.126939680551280797971 0.99191043824608438050916 4.8194018540974292719171 -0.67454577317376263057013
-0.13642616577193730775796 0.99065024165583703830152 4.1588644778876897589726 2.6713850731840631524961
-0.13667273417800432366853 0.99061625452659962665081 4.137218007380729645206 -0.40355216194926052386549
-0.13940506585672374217921 0.99023544049558365198749 4.1518324237224115691447 2.6703957527902089097438
-0.14871587782943523903256 0.98887996626558316570766 -2.238846993641810723119 -0.39200258323985692765489
-0.15521524721159368764844 0.98788067449112704210279 -4.8024119066479284967385 2.7118892281645377018152
-0.16114064971344901899819 0.98693145203196763759479 -4.8162683895323628036067 2.7100328845252472653727
-0.16114066841384422357208 0.98693144897867124409885 6.7860022699602824403087 -0.36340805691255689824359
-0.17057793451892472313957 0.98534418771069931519691 4.1616581271907335803917 2.7069005504989753774226
-0.19849350093765694147407 0.98010220389789581840745 4.144137714500867097911 -0.36280972805496902733324
-0.21216337362497508789438 0.97723421086864836748732 4.1493694262995344246293 -0.38629906142781039735112
-0.220097622851546520506 0.9754778502944584372969 4.2615989827461033812029 -0.86519379326088219350765
-0.22405650000234145213795 0.9745761564940426113779 4.2827475942369117589692 1.0771349609212919062884
-0.23375199135031057839917 0.97229625451287460258243 -4.1583356908393680484437 0.42338670445301446187969
-0.24164540055318189937239 0.97036462239278509223084 -4.1655668887059080773838 0.4588484838452976388723
-0.24164540245895402281739 0.97036462191819927713965 -4.2811427565740105549707 0.89967870524822879385596
-0.32026397974360953924133 0.94732833974223784601066 3.6437366542317848328026 2.5685354681578380642293
-0.34228243740118446947207 0.93959711208951279814983 3.6584660444319454519758 2.5486126161929241185078
-0.36609303448768454325445 0.93057825576337194206645 4.0508046213267494550792 -0.20873166855634761596149
-0.36879686973420849893656 0.9295100154781817947125 3.6523812896749183742884 2.5566375423177274406328
-0.3723039808575309694838 0.92811084781810160304616 4.0804412732812362918367 1.6957282774111190892797
-0.37314874596443126097966 0.92777153081196261918962 4.0789447253766013545829 1.6993455123759091396352
-0.37905485018290852039513 0.92537420568806250109617 4.0538934059206939153342 -0.23353962887803836334654
-0.38280898336281610205844 0.92382751759012193826238 4.0724790508602533023464 1.7079405805005913876471
-0.39945411745065356745598 0.916753188187376388818 -4.0595002533008148759563 0.27277902552421728898935
-0.41979147728579413456628 0.90762057909580851067233 -1.8020646998116598425099 3.0175469305265019137608
-0.47806990423356593433723 0.87832178993015397328037 -4.8247941925053732248329 3.074117785018323001367
-0.47806994293666960071931 0.87832176886408186433642 6.5695000618582746199082 -0.096364388360163644176026
-0.48333207795232285830522 0.87543709221296417410941 6.5760287457293040702667 -0.079508644532306327334936
-0.52383502934406067641504 0.85181973564370261353674 3.7137212844262590394351 2.3896486844359046131104
-0.52933073428566668194861 0.84841556665386419489039 3.7197954319330461814275 2.3850968851152392069537
-0.53532416431577534154939 0.84464669483732501831242 3.7199333658614999187364 2.3799668830017997045446
-0.55931705249293572901336 0.82895381945595436601338 -5.164854815607518467857 -0.0079325935261597146919143
-0.55931707430259647306769 0.82895380474039903617723 5.1648547740808421480097 2.0079325714795737134466
-0.5730762330150680483598 0.81950206293410865487914 -5.1635735845165129376255 -0.0047215236273597249727629
-0.57307625325917377345774 0.81950204877744381448679 5.1635735427492637228398 2.0047215023967148717077
-0.57798368489105000911365 0.81604831964765645047067 -5.1575191245143106044679 -0.013102576907777718773218
-0.57798370479003446931187 0.81604830555377461109857 5.1575190827404533422396 2.0131025549920993356068
-0.58459601824030060779335 0.81132453152704941956586 -4.8666787993233118214675 -0.40977314798179709232073
-0.58459603817895477995136 0.8113245171603470362598 4.8666787375169020535282 2.4097731233998822553133
-0.6362459243373472794758 0.77148630821558628056778 1.8871715458403939269517 2.357346224114080346368
-0.63731652646293845965175 0.77060213151613787818662 -2.3585329226999331986291 2.6573575912354652217573
-0.70699581398315436420176 0.70721773097844298217041 -5.310633441961345901916 0.099319397796702846292761
-0.70699583378203689765229 0.70721771118577236858727 5.3106334070592042806425 1.9006805841901908138425
-0.71122704467238484493663 0.70296236807284762093673 -5.3052006758212826298404 0.090053975991346180141051
-0.71122706412833525124739 0.70296234838815430112647 5.305200640860257443876 1.909946005304637317579
-0.72770900471708532819548 0.68588599960464979865549 -4.0800853814152988618957 -1.3846906752570593557294
-0.73721789252312186491167 0.67565507394214618930306 -4.0384655898915307048469 -1.3785347091342647907197
-0.73928787150994745847043 0.67338951806387026266521 1.9844784839444891133554 2.2098902080157922789284
-0.73940391885360545742855 0.67326209219287769247587 1.9897690283768496577466 2.205755427741047380863
-0.74164487569539927491746 0.67079272383856103356692 4.9810978653892803436066 -1.3754354608141052818126
-0.74193726562957096337669 0.67046930867125897890447 1.9633765980953297169976 2.2273315045897601471836
-0.74565688271831753741736 0.66633010832079442309351 -6.3130807794532355359251 1.8648425651944240399871
-0.74565689864833217814776 0.66633009049430680370563 4.9989330230280089040207 -1.372494888685953151608
-0.7519993349986492381376 0.6591638644233994703825 2.6730025173949014671849 1.8474248487280806596545
-0.75419816609760881309654 0.65664688094515766270121 -2.9516574687878192051471 2.0981526383878814634443
-0.75463263838539218486545 0.65614752996830083553448 -2.6573576380638397331779 2.3585328663840408047748
-0.75554298415496401464253 0.65509907578488590917943 2.3573463072394620354544 1.8871714678387074837219
-0.76995894272195986030027 0.63809343087237790914657 4.0734175001918746517049 1.5321012377871450205192
-0.78137317670642336686626 0.6240640662013094974725 -2.8348783043442216111884 2.0266084821648542302342
-0.78390057062251272679276 0.62088637879864849722367 -2.8175967638609069609856 0.090150584711501252632715
-0.79249611797695418413667 0.60987695725568935589678 -2.8191496026086171333702 0.13219451024096273705766
-0.80795413418404871119804 0.58924537932418674657243 -2.8765597601943571071103 2.0439715189067784173461
-0.81019286027556192131271 0.58616339800306882512615 -2.8839319278087920395137 2.0333045791521828782323
-0.81424171587913263259395 0.58052599263272086638211 -3.9085787193812513429236 2.09122293582358720343
-0.8197599198344925897075 0.57270731952101550099599 -5.0752280977201511547036 -0.096805303591379232575064
-0.81975992403813935371914 0.57270731350401316017696 5.075228032049166948525 2.0968052975328848042125
-0.82318193315981569302408 0.56777768969841468926774 -5.0650468832164516896909 -0.10022668647566645994118
-0.82318193715588705572372 0.56777768390478444704428 5.065046817985198401857 2.1002266799564184296401
-0.82495252620494019524244 0.56520202539276842568228 -2.9049862014991836289823 2.0546089486868179818658
-0.82689766421768517989931 0.56235242767443971434461 3.9461329518021868167921 -0.10390557063027788808895
-0.82901298507440823737368 0.55922935418128683071615 -2.9179421917553565180014 2.0365600162184152033263
-0.83467146513187795431321 0.55074816867113085550046 3.9699588140640913458413 -0.11147549513329019221785
-0.87928396111453266392743 0.47629792748524230061591 -3.0636820503777828506031 1.8036299028158717661086
-0.89697974253160384083827 0.44207164745993160481774 -3.0175469150860032563343 1.8020647254478148191482
-0.89935059556300100958026 0.43722820844551585350857 -3.3327345952661802108707 1.7587591747646955653295
-0.89935059577137677067071 0.43722820801690026604192 -3.7450235584529898424932 1.9529417638001631551959
-0.90287392831963964034969 0.42990541931995024382829 -3.7785669238427548322079 1.9665311218032122120292
-0.90349357689693288175902 0.42860162914527782929142 -5.6542274332195052721772 0.23013254909299812878132
-0.90349358137222279818701 0.42860161971135207759077 5.6542273853110041059722 1.7698674492839390204324
-0.90694667072537371588225 0.42124545868194301911914 -5.2064272053956122121576 0.026636617367651105325877
-0.90694667531246242475617 0.42124544880588465911587 5.2064271443700418373624 1.973363374956859761511
-0.90881237357194466497389 0.41720506905181259371674 3.3630677174435921195084 0.21572471971924844780233
-0.90945820291974910354326 0.41579535488263985598679 -5.1969843942713493945007 0.022425695814816126727465
-0.90945820732197546476527 0.41579534525376660170082 5.1969843336581069692671 1.9775742960370186196429
-0.91217268117531957738464 0.40980605134310693626887 3.8133917681066216154307 0.017876581282555870089368
-0.91627205388601851154817 0.40055651694548349839309 -5.1998652553456601310699 0.020514369945485722013246
-0.91627205748972562204812 0.4005565087020119818817 5.1998651937140385470571 1.9794856219619776371844
-0.91780752570996948502823 0.39702562354354919982314 3.8355296290192089081473 0.0084407614026297261844434
-0.92389196553437236136829 0.38265341501289973358269 -5.9584483484409407338944 1.7819791464654826107506
-0.92389198429353669439478 0.38265336972010488558738 5.216011528780621908652 -1.6390702962430805378346
-0.92617160445128721146801 0.37710231914976172218346 -5.9631014326047413476317 1.7687959398366979169027
-0.93656327679322504131675 0.35049854288190324114183 -5.9230711489061489416485 1.7777829778456117892916
-0.93656329338638011350326 0.35049849854351416977849 5.9230711856668927239867 0.22221703169634576813252
-0.9386497285947265067918 0.34487198640806737692799 -5.9276996891705122649796 1.7648121426746987694401
-0.9386497450775769246789 0.34487194154613398655585 5.9276997257621300008168 0.23518786807576125275077
-0.94088758369441738427241 0.33871899097877711248828 3.7942087304129610281223 0.0090823989966728468914426
-0.9413242160271769742863 0.33750365971470747128436 -5.9339655662185482043469 1.7560538679849095888841
-0.94132423238934692655277 0.33750361407932705226643 5.9339656030523864060911 0.24394614336517231323321
-0.94249749428566942377472 0.33421321527616915103565 -3.1922465758064904051138 1.7293968514734419095192
-0.96669198506487874489323 0.25594258342707348896639 -3.7368670688979066518697 0.0026775409227353108576609
-0.967900333789538991347 0.25133432684394579892385 3.7340924665999977172249 1.9950858516880793924742
-0.97866256359863434965973 0.20547405337547863801718 3.7014861329377799492591 1.9712229517149630897422
-0.99287812404691588863414 0.11913450712987180835079 -3.361715668647722754514 1.7668930078717657305987
-0.99493814187625817524462 0.10048927226236215037858 3.5228119219409093076934 0.17439584753220516155637
-0.9958143856079956224292 0.091398629181024440559789 -3.5803086808444510857896 0.1069056468637634704777
-0.99696729677453543860821 0.077821649700299450058694 3.5341759861849126878042 0.16369303361366949189915
-0.99720138932629365235982 0.074762217233773436975142 -3.3856146996413598593278 1.7623547253073803542379
-0.99791328725117245390663 0.064568344624585077839996 3.5327841897645755331326 0.13142770384373081427043
-0.99865185699805436581044 0.051908270192116218177958 -3.4221921937817745273946 1.7806393189723737080499
-0.99882473002846505760743 0.048468120280905017949192 -3.4187827693230916636935 1.7796484235733556200643
-0.99882604808737085466674 0.048440950260758092182912 3.5051485523464909199732 0.17253927940173063859675
-0.99940519923350235043102 0.034485471506762260807122 3.5029652945362066418511 0.14007286751115077816366
-0.99953698115534095336442 0.030427344656863274108272 3.5200385177192137220459 2.0793130871764136102798
-0.99971242728625875351156 0.02398046557965782810129 -3.4841627887494150961344 0.17113780909130338336866
-0.99974344201107767649006 0.022650610477295100853024 -3.4824257734331141023176 0.1724073890517489049401
-0.99977311039596428177134 0.021300885643077679953983 -3.4804404233565016113516 0.17381444164529047391455
-0.99992379282137655582829 0.012345385766071165223324 3.5004336687895336588384 -0.088541701130205485714697
-0.99992379285470500693833 0.012345383066605652988557 -3.4808817998580896535543 0.14585431464813647384205
-0.99992379285560384349906 0.012345382993796810700005 -3.4692051966616603841941 0.18221793741528929944096
-0.99992379289204369463561 0.012345380042311084739515 -3.4692051695971510838489 1.8177820897091090390774
-0.99992379289413080289961 0.012345379873265937067939 -3.5004336352878464566629 1.9114583553732686915794
-0.99999630160888663965579 -0.0027197000844160768018298 -3.4506239374505254247083 0.19646295816684883339676
-0.99998352237547827314756 -0.0057406426061217498066358 -3.4838677415598575670685 0.079640213863574602082274
-0.99995197155702431057733 -0.0098007438095366050667678 -3.458675741051620899924 -1.8594366722210164954987
-0.99994077466477626625618 -0.010883343365315933937154 -3.4996031169636103719255 1.839955228227356798243
-0.99801187622361253737324 -0.063026144706977912934853 -3.5750652485965139781853 1.8897805516635046707564
-0.99780336373829603413554 -0.066245356913084876837594 3.5275854344212866919861 1.8301237503713583265608
-0.99361051844868952809264 -0.11286335821747925378666 3.5059691464582236619663 1.809100826727239486047
-0.98343717273521047417261 -0.18124935112318574237377 3.7014861280408082322424 0.028777000076324776856041
-0.98306852061792793229244 -0.1832383250580470746005 3.4705468960353993423951 1.8041836186036122047228
-0.97381046212030153430561 -0.22736135086035408336968 -3.7340924190438200547248 1.9950858938881763648965
-0.9727162529303241544909 -0.23199804155464331945069 3.7368670971153652438091 0.0026775049592007160725871
-0.94936987857168098070559 -0.31416052212331213588925 -5.9339655931936272637017 0.24394614734892267060574
-0.94936986519772192938404 -0.31416056253842522538732 5.9339655709255083593235 1.756053856180833205869
-0.94896335972349965537375 -0.31538633753269623705151 -3.794208794636735770922 0.0090823944717146609661996
-0.94687812194175502433779 -0.32159263391448389413085 -5.9276997155835999819828 0.23518787201074703441251
-0.94687810841039210529856 -0.32159267375541666922345 5.9276996933990568905415 1.764812131124282368333
-0.9449312194077559290406 -0.32726898812532184690482 -5.923071175266208854282 0.22221703528925706994102
-0.94493120574174604975326 -0.3272690275835009043881 5.9230711528535708865207 1.7777829670340898893244
-0.93519953281746792672635 -0.3541212134537973232895 -5.9631014587314039587795 0.231204076451912987622
-0.93305763899444349451783 -0.35972689962541787300764 -5.9584483745214997796324 0.21802086825145289283868
-0.93305762457824215072577 -0.35972693701807784139035 5.2160114226505811529933 3.6390702671222028286025
-0.92972969177619957381608 -0.36824271918088635757726 3.4030034604590810864977 1.816175943380193169574
-0.92732986023367292016672 -0.3742450137530186626833 -3.8355296888602659066691 0.0084407554590669731098274
-0.92588202667434271742052 -0.37781274817217552763892 -5.1998651427403101976665 1.979485665814467498791
-0.92588201697483929475396 -0.37781277194214007986161 5.1998652063020340818867 0.020514330729563656774417
-0.92201226732748309267151 -0.38716066290060269228234 -3.8133918279308702814489 0.017876574008030443607709
-0.9194464827425590236487 -0.39321516421971464128048 -5.1969842836987760748002 1.9775743404695911298319
-0.91944647173932658734685 -0.39321518994833365434615 5.1969843458758253618158 0.022425655816157741284656
-0.91883565777673026353511 -0.39464038566523235163074 -3.3630677704531612981497 0.21572470143083638527415
-0.91707027297589316372494 -0.39872561295196567998644 -5.2064270938871199945197 1.9733634196780778236047
-0.91707026160404436776474 -0.39872563910725628000264 5.2064271566640929478354 0.026636577027788987948043
-0.91379984654101198415787 -0.4061647947097617450396 -5.654227331409668266815 1.7698674873970263732304
-0.9137998345583498993605 -0.4061648216686571388756 5.6542273807426903786678 0.23013251262253275886139
-0.9132125845052798673862 -0.40748346653721684296201 3.7785670137798814671726 1.9665311067388042687299
-0.90987111711655743739868 -0.41489101007019624223204 3.7450236480747851608442 1.9529417495260139592262
-0.90987111706120493703764 -0.41489101019158619587656 3.4050495873487198750241 1.7990630389923858434287
-0.90987111704896794783792 -0.4148910102184223958055 3.3327346814331315627556 1.7587591668948496792524
-0.90762057474408786017505 -0.41979148669453919540117 2.1556181677777130900609 3.6068025873525106916873
-0.9011908274014464037549 -0.43342253357145238412684 3.4062342414861155326378 1.7942998354355192969223
-0.87254026143403462523195 -0.48854221125367142120055 3.4154787220959481608418 1.7787002481812494991687
-0.84801437092946929663384 -0.52997323205714508276287 -3.9699588716710549896049 -0.11147550376910375646843
-0.84052943553867809356461 -0.54176587931783870555335 -3.946133009444110939512 -0.10390558046841136263793
-0.83694877367031161874422 -0.54728123506270676124074 -5.065046772688474696622 2.1002267321761003415759
-0.83694875951621983123374 -0.5472812567083409351909 5.0650468387734317587956 -0.10022673636022116916421
-0.83364951048675883793492 -0.55229384720924368235017 -5.0752279862376710184435 2.0968053499728895872068
-0.83364949590602510642867 -0.55229386921785583730581 5.0752280529916831142146 -0.096805353783987191373938
-0.82832603615573163757801 -0.5602463545856709581372 3.9085788079537824302179 2.0912229237871540199479
-0.79899062937235676429281 -0.60134347437647095446777 4.0399197597619780353285 -1.4928612734710502429891
-0.79654243395559232165936 -0.60458262537729334784586 4.0636186902065638548721 0.44857257974128045274754
-0.78547805782624491310883 -0.61888950602955783431013 -2.8163387378006912165062 -0.023454277957133295301472
-0.77148631323771577061876 -0.63624591824771414838579 -2.3573462126004880445861 1.887171504491260698444
-0.77018009818690957857256 -0.63782647825000360342073 1.99835506232092696699 3.3913153555551733830953
-0.76804412620309425729914 -0.64039692395023672943921 -3.9726622885026414699893 3.3675842046794022266454
-0.76761042821077607456459 -0.64091671104915759471509 1.9719206045333952381782 3.4092282650386991349479
-0.76678211884831526390371 -0.64190745611379862456402 2.0266160678166853514882 3.3656689439031231003697
-0.76188052777578940677472 -0.64771757842140231797856 -6.3130808403952798357749 0.13515745117405358888263
-0.76188051298196923788452 -0.64771759582269439192714 4.9989329289538000367088 3.3724948560502499006475
-0.75826421503118346389982 -0.65194737533265900708556 -1.9633765019372231286354 2.2273315394828689939289
-0.75797989024598022567147 -0.65227792081496360765413 4.9810977716239603907412 3.3754354276058382566817
-0.75580059101948504629575 -0.65480185294071757695633 -1.9897689324335621208206 2.2057554628887046099806
-0.7556877250446739635592 -0.65493210504357279866383 -1.9844783879810170557078 2.2098902431369986665289
-0.7536743421227014572139 -0.65724803995593117367235 2.7054608574581306967844 0.11247115284671421742147
-0.72836558722013455824395 -0.68518871221982957653295 -5.3052006132781608371828 1.9099460480698255970822
-0.7283655497959581337497 -0.68518875200227213895232 5.3052006437212488876299 0.09005392845958493097669
-0.72424070676140106517237 -0.6895472417969245038094 -5.3106333793439022272764 1.9006806276345225015235
-0.72424066878712556327712 -0.68954728168181256275914 5.3106334098775684893213 0.099319349786831212512084
-0.65967275981255102390576 -0.75155295885339490347121 3.4092283232205216059186 1.9719205610528256489289
-0.655099081748672262826 -0.75554297898401923117006 -1.8871714526138483325468 2.3573462621790617355089
-0.60444849527119259846585 -0.79664422207431517808373 -4.8666787132072508725855 2.409773169036140583188
-0.60444845423036441811603 -0.7966442532137684162663 4.8666787739129500067748 -0.40977320138272305127813
-0.59795480215938201506986 -0.80152982138815909163298 -5.1575190595209363664253 2.0131026015233968173846
-0.59795476114350742946612 -0.80152985198669368660517 5.1575190988079544496259 -0.013102629995930814565952
-0.59313411562880069549663 -0.80510367088794265733042 -5.1635735193851717284019 2.0047215495330048540268
-0.59313407406570883839691 -0.80510370150820598222907 5.1635735588397091433422 -0.004721577126981679750628
-0.58582597865094665490204 -0.81043687153143584289693 -3.4052975024622851307753 2.8510935866054771814504
-0.57961248464036752015005 -0.81489224296775575329121 -5.164854751375394847912 2.0079326181508778681462
-0.57961244075776330308968 -0.81489227418035359296055 5.1648547906809207930224 -0.0079326470095832934958934
-0.55601432818472140695575 -0.83117270579181878886743 -3.7199332996272533868875 2.3799669487957038072068
-0.55011577413863221863721 -0.83508839953854796522847 -3.7197953651174571199078 2.3850969509732995454954
-0.5447057894011995138328 -0.83862721336289602902525 -3.7137212170101676633748 2.3896487502971628380522
-0.53101903773798353469715 -0.84735988904350811878884 1.9351109606199961010731 3.0540520652918803357068
-0.53036968122365035771537 -0.84776647801073368171387 1.9612301498564916890644 3.0463385267339768702755
-0.51719566367675806617398 -0.85586718915609671931576 1.8233402951699322347424 3.1032182817821216680443
-0.50479825141975054325627 -0.86323735169625415153404 6.5760286973813482092055 2.079508666276244976956
-0.49960897873843934657855 -0.86625104234507821487909 -4.82479426323458060466 -1.0741178094737515724688
-0.49960893972727715706128 -0.86625106484470537626663 6.5695000129654639309252 2.0963644094562052799802
-0.48245971589743774643466 -0.87591815972585074234757 2.9049238522099383175146 2.6594596945894899420182
-0.44207163371330510104328 -0.89697974930655444136817 3.6068026368927030844703 2.1556181180347753212346
-0.42196594115086216714161 -0.90661168341725384411944 4.0595002793566639098799 0.27277901008145322148125
-0.40550049824051948021974 -0.91409482326872981694521 -4.072479033707088191818 1.7079405637481572810544
-0.40178573391711780438129 -0.91573370802907694265826 -4.0538934316439059202252 -0.23353963258920940049279
-0.39594057841615559745207 -0.9182761340487295420587 -4.078944707829633919971 1.6993454954752087449066
-0.39510444813905670757847 -0.91863620387002575817803 -4.0804412557182567766744 1.6957282605037033995644
-0.38895635141550954916311 -0.92125618407342846349905 -4.0508046454893911203498 -0.20873167369610534649382
-0.35593330841643266992946 -0.93451135892493708556827 3.2106233323503623466877 2.5310298165151476901258
-0.26552893355827233978772 -0.96410289152320582939381 4.2811427938736557052835 0.89967868583018240080663
-0.26552893293528995188879 -0.9641028916947849136676 4.1655669134780453077838 0.45884846598873846312828
-0.25768561981392024140546 -0.96622881417452877172991 4.1583357143211880924128 0.4233866869567932678109
-0.24804932846962718384631 -0.96874740291046301798871 -4.28274757375243986246 1.0771349430584225004282
-0.2441139607234859287832 -0.96974655151740152270178 -4.2615990317959244748635 -0.86519378930161083829375
-0.23622549096593098427732 -0.97169826459549923924896 -4.1493694524281465874082 -0.38629906447219797271941
-0.22263059274233235051987 -0.97490287679091303107981 -4.1441377391127662832559 -0.3628097325127200845074
-0.19485297541204113502821 -0.98083246172477123181465 -3.9875562441965155535683 2.6745422656773469860525
-0.19485297541204099625034 -0.98083246172477145385926 -3.9875562434148958956825 2.6745422658003383808989
-0.19485297460128611635177 -0.98083246188582862146176 -3.4985181897953578911142 2.7070295016676819699342
-0.19485297249036651057174 -0.98083246230519327557573 -2.1953315593724544996234 2.341441813644362657243
-0.18545774797718589388395 -0.98265223945973467767345 -4.8162684497318828391598 -0.7100328668417761335263
-0.18545772066043986203709 -0.98265224461527289623319 6.7860022063424780824903 2.3634080782144391008615
-0.17955758626154783019757 -0.98374746414713931663698 -4.8024119653495844772805 -0.71188921069412380848717
-0.17308488892562629013482 -0.98490690992885410182111 4.2127842927189416144529 -0.71382786568393774562224
-0.16108825263363002466832 -0.98694000570624573764888 -4.1372180313726740763513 -0.4035521643642004940844
-0.16084261397429633344557 -0.98698006744306432391766 -4.158864420875080014639 2.671385114291976226042
-0.15931166226932014229333 -0.98722833947622590233805 4.2451030208449473946076 -0.71761393566578379754616
-0.1513901169263273671639 -0.98847409298222543849732 -4.819401844180608129875 -0.67454575057217713851542
-0.15139009002401374037738 -0.98847409710245903724512 4.8194017796218915350437 2.674545737757962449166
-0.14770370074199995480412 -0.98903165610971133236972 2.9215681519888776485062 2.9674216692498989189631
-0.14545563211615933352227 -0.98936477554322133087794 -4.8057582589034719688925 -0.67642153666051163529715
-0.1454556054882606141998 -0.98936477945803369404842 4.8057581949989423009129 2.6764215234706085766448
-0.13894672672707669702774 -0.99029985718055701937601 4.2092048462555489152237 -0.67838295472588028278693
-0.13769589442866284056954 -0.99047455326095623640014 -4.7959029398830219648175 -0.68076219297921192197264
-0.13769586824803370372904 -0.99047455690059016397697 4.7959028761474771229701 2.6807621792611477928859
-0.12510150598578695380069 -0.99214394782213366497103 4.2410288591349631914796 -0.68222247686327264215577
-0.10479896952179168501118 -0.99449342681948926792045 4.2497216201112726352563 -0.69773144233412098813573
0.080214099479442205198332 -0.99677765737635926068804 -4.2497216413478700047789 -0.69773142449768654760333
0.10056845261500002575162 -0.99493014143638480728526 -4.2410288792658361600729 -0.6822224596844298494247
0.11320023371971217607257 -0.99357219520566442128028 -4.7959028767426019612685 2.6807622132413246873739
0.11320023967470846382178 -0.99357219452719625074621 4.7959029560843369210943 -0.68076221011181392572808
0.11445498090110654831886 -0.99342843594640861670796 -4.2092048672061546099598 -0.67838293803585425489899
0.1209850042963619698444 -0.99265433497034072374276 -4.8057581952003642911108 2.6764215576202801116779
0.12098501101125633261369 -0.99265433415192749766475 4.8057582747952176660534 -0.67642155385263580402721
0.12324061178501122260088 -0.99237681936190780263018 -2.9215680906781380521408 2.9674216889520534934377
0.12693966951374829887911 -0.99191043965861191988864 -4.8194017790222520858378 2.6745457717768594818609
0.12693967675702125252891 -0.99191043873165440913908 4.8194018595488836709251 -0.67454576769283680626188
0.13488953425740768388153 -0.99086064284934627366396 -4.2451030408911236690983 -0.71761391000652285931948
0.13642616956137637584945 -0.99065024113397914806711 4.1588644832864449796262 2.671385078716907113261
0.13667272207159109065345 -0.99061625619688964405895 4.1372180100939521807391 -0.40355216302965984942474
0.1487158753839275537878 -0.98887996663335875346945 -4.2127843137292542152749 -0.7138278405105181745327
0.15521526295569293418808 -0.98788067201742291167931 4.8024119807112866098465 -0.71188923537623727266776
0.16114065215413739262651 -0.98693145163346540638116 -6.7860022005907199016405 2.3634080824339411819324
0.16114066597315523932111 -0.98693144937717347531247 4.8162684646125706322551 -0.71003289145524994818714
0.1705779369556884028647 -0.98534418728885853067112 2.195331616350510550717 2.3414418077957277475321
0.1705779400204435192201 -0.9853441867583031532618 3.4985182515852519813393 2.7070294752832326778958
0.17057794119754476902529 -0.98534418655452937763072 3.9875563061876029280484 2.6745422324059293650578
0.17057794119754499106989 -0.98534418655452948865303 3.987556307317205117613 2.6745422322281808824585
0.19849348790723042590401 -0.98010220653686053182696 4.1441377177650542407151 -0.36280972995644727996378
0.21216336063267826617107 -0.97723421368935314834658 4.1493694295899619106649 -0.3862990632835114901411
0.22009761014403714241006 -0.97547785316166113478431 4.2615989874690898275845 -0.86519380465918349631948
0.22405648730657815037582 -0.97457615941281738880519 4.2827475990061385502373 1.0771349495422612996265
0.2337520042769574146746 -0.97229625140514941428193 -4.1583356875086527892904 0.42338670267063421848164
0.24164541329673111524912 -0.97036461921931804752716 -4.1655668852945515467922 0.45884848139741712946816
0.24164541509985379419412 -0.97036461877029422939955 -4.281142751599769091797 0.89967869395731248083337
0.33275279486014425200935 -0.94301409189511220532153 -3.2106232963073950692489 2.5310298193333018446083
0.36609302525140902107026 -0.93057825939695770767201 4.050804622819834222014 -0.20873166705830281664191
0.37230397154295080675013 -0.92811085155456818363006 4.0804412748413332323594 1.6957282787994429895662
0.37314873666120079720443 -0.9277715345537121960362 4.078944726921153396404 1.6993455138007391713729
0.37905484099828490318629 -0.92537420945029846830465 4.0538934073927102019753 -0.23353962735928518457129
0.38280897419354392718916 -0.92382752138961887755641 4.0724790523260914199 1.7079405820253086289995
0.39945412654971096388934 -0.91675318422267149109927 -4.0595002518627918419724 0.27277902707519546821047
0.4197914795303467894172 -0.90762057805766083173892 -3.6068025737199675972988 2.1556181362910118437526
0.46068723387751664422041 -0.88756254570675163773074 -2.9049238495140432547714 2.6594596725217294341804
0.47806990640566243699894 -0.87832178874788324751676 -6.5695000162438335067349 2.0963644273332557865786
0.47806994076457326459107 -0.87832177004635247907771 4.8247942787863626890044 -1.0741178186107325220888
0.483332041145132174087 -0.87543711253435030350544 -6.5760287003183526266525 2.079508685059890282787
0.49590763253195713211597 -0.86837527601639474816863 -1.8233402261748883343983 3.1032182890802877395232
0.50927763171241835493675 -0.86060228551717832257139 -1.9612300811417198165287 3.0463385347515079537573
0.50993682850865773570348 -0.86021185235413499814427 -1.9351108918573527439832 3.0540520731519595898363
0.52383502353217747948833 -0.85181973921777820457634 3.7137212777571768640428 2.3896486982185831671189
0.52933072852047680090238 -0.84841557025079494813724 3.7197954254959944009329 2.3850968988110894386523
0.53532415862025861663654 -0.84464669844705630996628 3.7199333594710428663178 2.3799668965926588093396
0.55931704165826756636193 -0.82895382676639106644955 -5.1648548120377366643651 -0.0079325938771536153026886
0.55931708513726441367453 -0.82895379742996200267413 5.1648547776506239515016 2.0079325711285807010143
0.56563864168431399193083 -0.82465321622699339076945 3.4052975678473287324267 2.8510935580095808639101
0.5730762221198160144553 -0.81950207055313761816961 -5.1635735807647176187629 -0.0047215240684816417449098
0.57307626415442602940687 -0.81950204115841385199558 5.1635735465010581535239 2.0047215019555935100471
0.57798367404171435701699 -0.81604832733193044536079 -5.1575191207599369036529 -0.013102577326376207977887
0.57798371563936989936395 -0.81604829786949995007461 5.1575190864948270430546 2.0131025545735008464022
0.58459600767120956099632 -0.81132453914255764360063 -4.8666787905131059233099 -0.40977315661939733848484
0.58459604874804560470381 -0.81132450954483836813579 4.8666787463271079516858 2.4097731147622818426158
0.63624593438746745999169 -0.77148629992723660731002 1.8871715551949774791752 2.3573462160692293387854
0.6409166741041545378721 -0.76761045905802338662482 -3.4092282866650451822465 1.9719205955105143512896
0.70699580696380059929851 -0.7072177379955938425482 -5.3106334411899966951864 0.099319399766084615066575
0.70699584080139066255555 -0.70721770416862084207565 5.3106334078305517110153 1.9006805861595719164825
0.71122703769526718353689 -0.70296237513199477664471 -5.3052006750617648478396 0.090053977965320719523135
0.71122707110545280162484 -0.70296234132900681235156 5.3052006416197752258768 1.909946007278611856961
0.73721788750159900072135 -0.67565507942120917039829 -2.7054608612491408692335 0.11247114660891777138119
0.73928787845042187587553 -0.67338951044419625979742 1.9844784922763762935461 2.2098902040795400658624
0.73940392579144698093075 -0.67326208457345659841308 1.9897690366174956011492 2.2057554238569001547888
0.74164486500480930608604 -0.67079273565833918979706 -4.981097780750821435447 3.3754354564501665159071
0.74193727248738150503727 -0.67046930108244717771981 1.9633766068862306131138 2.227331500370324235405
0.74565688767053628360771 -0.66633010277901238982423 -4.9989329370337305391558 3.3724948847653513084311
0.74565689369611332093513 -0.6663300960360891700418 6.3130808406089231610281 0.1351574525355734301968
0.75070046886811281350305 -0.66064272193160178403559 -2.0266160170204812196459 3.3656690069980865764876
0.75155298565297778967676 -0.65967272928028108935905 -1.9719205664934758015505 3.4092283195973296372472
0.75199933989760825436833 -0.65916385883447936588908 3.9726623642311453821208 3.3675841663540393433607
0.75419816609760936820806 -0.65664688094515699656739 -1.9983550191859442701769 3.3913154135395604527048
0.75554299065702379412102 -0.6550990682858892633078 2.3573463078686724969658 1.8871714698579991065231
0.76995894429996969421382 -0.6380934289682633764329 2.8163387371875319153958 -0.023454297529674743988392
0.78137317516310833553917 -0.62406406813365122854264 -4.0636186542335348548249 0.44857261679131588127945
0.78390056908705629812318 -0.62088638073724078392245 -4.0399198200404429215382 -1.4928612238936151968005
0.81424172344162071279783 -0.58052598202562755158595 -3.90857870826325726199 2.0912229304740019841802
0.81975991237385814613959 -0.57270733019999409130207 -5.0752280865514718399822 -0.096805308834323089417495
0.81975993149877368626477 -0.57270730282503423680395 5.0752280432178462632465 2.0968052922899409473701
0.82318192576339954680265 -0.56777770042197084343627 -5.0650468720165093827745 -0.10022669165149467040976
0.82318194455230320194517 -0.56777767318122740469732 5.065046829185139820595 2.1002266747805911073499
0.82689765689194349995717 -0.56235243844640137034218 3.9461329630359203157753 -0.103905575732345656359
0.83467145795730435242632 -0.55074817954436117162231 3.9699588253679904958915 -0.11147550007795808957311
0.86021273570673550956656 -0.50993533837922455642654 -3.4154786863243065120343 1.7787002710445956044084
0.89021542864714309217789 -0.45553977938110268297577 -3.4062342006903674196394 1.7942998686481808068294
0.89697974581711581443245 -0.44207164079350558250069 -2.1556180929474844099047 3.6068025939512535771315
0.89935059990262533613504 -0.43722819951918473480034 -3.3327345951810407598259 1.7587591768780326262345
0.89935059993197774552698 -0.43722819945880880831978 -3.4050495471312967055155 1.7990630752469030095853
0.8993506000647490949973 -0.43722819918570643427102 -3.7450235499592885446418 1.9529417627610468066735
0.9028739324713649372356 -0.42990541060062664735497 -3.7785669146704976562034 1.9665311206468794047453
0.90349357264293006508638 -0.42860163811272944389685 -5.6542274331545936405518 0.23013255120705339296095
0.90349358562622572588197 -0.42860161074390040747417 5.6542273853759157375976 1.7698674513979939515452
0.90694666665728040921835 -0.42124546744059820913008 -5.2064271962127097737038 0.02663661629914737538627
0.90694667938055562039779 -0.4212454400472293580826 5.2064271535529451639946 1.973363373888356253616
0.90881236943105614400907 -0.41720507807205486905388 3.363067717481911689248 0.21572472183395285938446
0.9094581989042894720754 -0.4157953636655493112606 -5.1969843850821995090427 0.022425694801436635295034
0.90945821133743531827776 -0.41579533647085686887123 5.196984342847256854725 1.977574295023640793545
0.91217267721769990096448 -0.40980606015223119964474 3.8133917773022361075164 0.017876580329623692477981
0.91627204992772903757726 -0.40055652600006069752325 -5.1998652459557774818676 0.020514368946448646724435
0.91627206144801498499675 -0.40055649964743456070692 5.1998652031039203080809 1.9794856209629412280294
0.91780752187577441247868 -0.39702563240709076719525 3.8355296382272361377375 0.008440760578227513022398
0.92035482723892447776138 -0.39108437961392644721669 -3.4030034228745451585496 1.8161759951979115079724
0.9238919683782833569552 -0.38265340814645987244091 -5.2160114190022257574241 3.639070278922110990294
0.92389198144962614289711 -0.38265337658654480224029 5.9584483809795241171515 0.21802086709285395382807
0.92617162030631139391091 -0.37710228020947056393197 5.9631014649519755721486 0.23120407492075245592389
0.93656327892421575853633 -0.35049853718770651589409 -5.9230711529642743329304 1.7777829803563529598165
0.93656329125538961832831 -0.35049850423771089502622 5.9230711816087673327048 0.22221703420708682763519
0.9386497306915083660428 -0.34487198070118574300124 -5.9276996932436309961644 1.7648121451610427889989
0.93864974298079550951713 -0.34487194725301545394913 5.9276997216890130459888 0.23518787056210560537651
0.94088758005956518726265 -0.33871900107560481973933 3.7942087405815536627074 0.0090823981460868008497301
0.94132421807579846895209 -0.337503654000941011315 -5.9339655703212592641193 1.756053870440140052267
0.9413242303407255429093 -0.33750361979309351223577 5.9339655989496753463186 0.24394614582040322070534
0.96669198505422060385684 -0.25594258346732989828353 -3.7368670684839853102232 0.0026775461964461122477133
0.96790033379478512820527 -0.25133432682374290401128 3.7340924670077146885206 1.9950858569536882303197
0.97824491661764700900506 -0.20745332755039830319176 -3.4705468509700114765337 1.8041836587537543046267
0.97866256332891710112421 -0.20547405466012824692967 -3.7014861031935391011415 0.028777039334219489674638
0.99052117889203628031681 -0.13736008942313304714843 -3.5059690966925098898343 1.8091008688805962911772
0.99586369461892310095408 -0.090859791656974359108644 -3.5275853957044445152746 1.830123802994808590583
0.99615162163131498740399 -0.087646715405095276807401 3.5750652932056414812224 1.8897805135258758379991
0.99936727852314966025205 -0.035567437597249673686405 3.4996031705339438744318 1.8399551972731349458457
0.99940519931878513126833 -0.034485469035225618794626 3.4586756543384855611123 -1.8594366892608296115696
0.99953698123058809521524 -0.030427342185000715718556 3.483867766539118893121 0.079640184772024863457674
0.99962433945496687037747 -0.027407662600473586822502 3.4506239333479933328875 0.19646294669348457473391
0.99992379286360066892315 -0.012345382346085065350393 -3.500433666943648436387 -0.088541654589562257537949
0.99992379288618638000231 -0.012345380516748216681577 3.4808817943681691353675 0.14585430064286597495738
0.99992379288680066640183 -0.012345380466993627344152 3.4692051924325046918796 0.18221792522301372141414
0.99992379291170208066575 -0.012345378450074984827411 3.4692052261168977445039 1.8177820617119120338856
0.99992379291312838418549 -0.012345378334556792593312 3.5004336907343254203795 1.9114583159806517453916
0.99999425778566075617704 -0.0033888634828894842465629 3.4804404494143477144519 0.17381440672607539887907
0.99999792160848655075967 -0.0020388176654476228462364 3.4824257993652154574705 0.17240735422426106682182
0.99999974894136911540699 -0.00070860228566943517236609 3.4841628145816772033073 0.17113777434293453438841

160
0 0 247 347
1 0 300 408
2 0 0 101
3 0 55 154
4 0 1 102
5 0 436 43
6 0 358 465
7 0 336 434
8 0 219 320
9 0 182 296
10 0 105 205
11 0 204 319
12 0 88 187
13 0 184 298
14 0 107 209
15 0 87 175
16 0 478 75
17 0 442 48
18 0 361 469
19 0 299 407
0 1 188 247
1 1 243 300
2 1 449 0
3 1 498 55
-1 -1 -1 -1
-1 -1 -1 -1
-1 -1 -1 -1
-1 -1 -1 -1
-1 -1 -1 -1
-1 -1 -1 -1
10 1 59 105
11 1 155 204
12 1 39 88
13 1 138 184
-1 -1 -1 -1
-1 -1 -1 -1
-1 -1 -1 -1
-1 -1 -1 -1
-1 -1 -1 -1
-1 -1 -1 -1
0 2 89 188
1 2 142 243
2 2 341 449
3 2 402 498
4 2 342 450
5 2 280 388
6 2 195 307
7 2 168 271
8 2 68 156
9 2 34 136
10 2 451 59
11 2 56 155
12 2 430 39
13 2 38 138
14 2 453 61
15 2 429 24
16 2 315 413
17 2 284 391
18 2 200 313
19 2 141 242
0 3 89 98
1 3 142 153
2 3 341 350
3 3 402 409
-1 -1 -1 -1
-1 -1 -1 -1
-1 -1 -1 -1
-1 -1 -1 -1
-1 -1 -1 -1
-1 -1 -1 -1
10 3 451 461
11 3 56 73
12 3 430 447
13 3 38 49
-1 -1 -1 -1
-1 -1 -1 -1
-1 -1 -1 -1
-1 -1 -1 -1
-1 -1 -1 -1
-1 -1 -1 -1
0 4 448 98
1 4 496 153
2 4 189 350
3 4 251 409
4 4 190 351
5 4 134 293
6 4 60 208
7 4 23 174
8 4 412 74
9 4 390 47
10 4 304 461
11 4 410 73
12 4 289 447
13 4 392 49
14 4 308 466
15 4 272 435
16 4 157 321
17 4 137 297
18 4 66 212
19 4 495 152
0 5 448 502
1 5 496 54
2 5 189 253
3 5 251 301
-1 -1 -1 -1
-1 -1 -1 -1
-1 -1 -1 -1
-1 -1 -1 -1
-1 -1 -1 -1
-1 -1 -1 -1
10 5 304 357
11 5 410 460
12 5 289 339
13 5 392 445
-1 -1 -1 -1
-1 -1 -1 -1
-1 -1 -1 -1
-1 -1 -1 -1
-1 -1 -1 -1
-1 -1 -1 -1
0 6 340 502
1 6 399 54
2 6 90 253
3 6 145 301
4 6 91 254
5 6 31 177
6 6 452 106
7 6 428 86
8 6 314 477
9 6 283 441
10 6 194 357
11 6 302 460
12 6 170 339
13 6 288 445
14 6 196 359
15 6 169 337
16 6 69 220
17 6 35 183
18 6 456 109
19 6 398 53
0 7 340 347
1 7 399 408
2 7 90 101
3 7 145 154
-1 -1 -1 -1
-1 -1 -1 -1
-1 -1 -1 -1
-1 -1 -1 -1
-1 -1 -1 -1
-1 -1 -1 -1
10 7 194 205
11 7 302 319
12 7 170 187
13 7 288 298
-1 -1 -1 -1
-1 -1 -1 -1
-1 -1 -1 -1
-1 -1 -1 -1
-1 -1 -1 -1
-1 -1 -1 -1

160
0 0 347 408
1 0 408 101
2 0 101 154
3 0 102 154
-1 -1 -1 -1
5 0 465 43
-1 -1 -1 -1
7 0 320 434
-1 -1 -1 -1
9 0 205 296
10 0 205 319
11 0 187 319
12 0 187 298
13 0 209 298
-1 -1 -1 -1
15 0 75 175
-1 -1 -1 -1
17 0 469 48
-1 -1 -1 -1
19 0 347 407
0 1 247 300
1 1 300 0
2 1 0 55
3 1 1 55
-1 -1 -1 -1
5 1 358 436
-1 -1 -1 -1
7 1 219 336
-1 -1 -1 -1
9 1 105 182
10 1 105 204
11 1 88 204
12 1 88 184
13 1 107 184
-1 -1 -1 -1
15 1 478 87
-1 -1 -1 -1
17 1 361 442
-1 -1 -1 -1
19 1 247 299
0 2 188 243
1 2 243 449
2 2 449 498
3 2 450 498
-1 -1 -1 -1
5 2 307 388
-1 -1 -1 -1
7 2 156 271
-1 -1 -1 -1
9 2 59 136
10 2 59 155
11 2 39 155
12 2 39 138
13 2 61 138
-1 -1 -1 -1
15 2 413 24
-1 -1 -1 -1
17 2 313 391
-1 -1 -1 -1
19 2 188 242
0 3 89 142
1 3 142 341
2 3 341 402
3 3 342 402
-1 -1 -1 -1
5 3 195 280
-1 -1 -1 -1
7 3 68 168
-1 -1 -1 -1
9 3 451 34
10 3 451 56
11 3 430 56
12 3 430 38
13 3 453 38
-1 -1 -1 -1
15 3 315 429
-1 -1 -1 -1
17 3 200 284
-1 -1 -1 -1
19 3 89 141
0 4 98 153
1 4 153 350
2 4 350 409
3 4 351 409
-1 -1 -1 -1
5 4 208 293
-1 -1 -1 -1
7 4 74 174
-1 -1 -1 -1
9 4 461 47
10 4 461 73
11 4 447 73
12 4 447 49
13 4 466 49
-1 -1 -1 -1
15 4 321 435
-1 -1 -1 -1
17 4 212 297
-1 -1 -1 -1
19 4 98 152
0 5 448 496
1 5 496 189
2 5 189 251
3 5 190 251
-1 -1 -1 -1
5 5 60 134
-1 -1 -1 -1
7 5 412 23
-1 -1 -1 -1
9 5 304 390
10 5 304 410
11 5 289 410
12 5 289 392
13 5 308 392
-1 -1 -1 -1
15 5 157 272
-1 -1 -1 -1
17 5 66 137
-1 -1 -1 -1
19 5 448 495
0 6 502 54
1 6 54 253
2 6 253 301
3 6 254 301
-1 -1 -1 -1
5 6 106 177
-1 -1 -1 -1
7 6 477 86
-1 -1 -1 -1
9 6 357 441
10 6 357 460
11 6 339 460
12 6 339 445
13 6 359 445
-1 -1 -1 -1
15 6 220 337
-1 -1 -1 -1
17 6 109 183
-1 -1 -1 -1
19 6 502 53
0 7 340 399
1 7 399 90
2 7 90 145
3 7 91 145
-1 -1 -1 -1
5 7 452 31
-1 -1 -1 -1
7 7 314 428
-1 -1 -1 -1
9 7 194 283
10 7 194 302
11 7 170 302
12 7 170 288
13 7 196 288
-1 -1 -1 -1
15 7 69 169
-1 -1 -1 -1
17 7 456 35
-1 -1 -1 -1
19 7 340 398

222
0 0 0 0 1 20 247 300
0 0 0 0 0 1 300 347
0 0 1 0 0 1 347 408
1 0 0 1 1 21 300 408
1 0 1 1 1 21 408 0
1 0 1 1 0 2 0 101
2 0 0 2 1 22 0 55
2 0 0 2 0 3 55 101
2 0 1 2 0 3 101 154
3 0 1 23 0 4 1 55
3 0 0 3 0 4 55 102
3 0 0 3 1 3 102 154
5 0 1 25 0 6 358 436
5 0 0 5 0 6 436 465
5 0 0 5 1 5 465 43
7 0 1 27 0 8 219 320
7 0 1 27 1 7 320 336
7 0 0 7 1 7 336 434
9 0 1 29 0 10 105 182
9 0 0 9 0 10 182 205
9 0 0 9 1 9 205 296
10 0 0 10 1 30 105 204
10 0 0 10 0 11 204 205
10 0 1 10 0 11 205 319
11 0 1 31 0 12 88 187
11 0 1 31 1 11 187 204
11 0 0 11 1 11 204 319
12 0 0 12 1 32 88 184
12 0 0 12 0 13 184 187
12 0 1 12 0 13 187 298
13 0 1 33 0 14 107 184
13 0 0 13 0 14 184 209
13 0 0 13 1 13 209 298
15 0 1 35 0 16 478 75
15 0 1 35 1 15 75 87
15 0 0 15 1 15 87 175
17 0 1 37 0 18 361 442
17 0 0 17 0 18 442 469
17 0 0 17 1 17 469 48
19 0 1 39 0 0 247 299
19 0 0 19 0 0 299 347
19 0 0 19 1 19 347 407
0 1 0 20 1 40 188 243
0 1 0 20 0 21 243 247
0 1 1 20 0 21 247 300
1 1 0 21 1 41 243 300
1 1 1 21 1 41 300 449
1 1 1 21 0 22 449 0
2 1 0 22 1 42 449 498
2 1 0 22 0 23 498 0
2 1 1 22 0 23 0 55
10 1 0 30 1 50 59 105
10 1 1 30 1 50 105 155
10 1 1 30 0 31 155 204
11 1 1 51 0 32 39 88
11 1 1 51 1 31 88 155
11 1 0 31 1 31 155 204
12 1 0 32 1 52 39 88
12 1 1 32 1 52 88 138
12 1 1 32 0 33 138 184
0 2 0 40 1 60 89 142
0 2 0 40 0 41 142 188
0 2 1 40 0 41 188 243
1 2 0 41 1 61 142 243
1 2 1 41 1 61 243 341
1 2 1 41 0 42 341 449
2 2 0 42 1 62 341 402
2 2 0 42 0 43 402 449
2 2 1 42 0 43 449 498
3 2 1 63 0 44 342 402
3 2 0 43 0 44 402 450
3 2 0 43 1 43 450 498
5 2 1 65 0 46 195 280
5 2 0 45 0 46 280 307
5 2 0 45 1 45 307 388
7 2 1 67 0 48 68 156
7 2 1 67 1 47 156 168
7 2 0 47 1 47 168 271
9 2 1 69 0 50 451 34
9 2 0 49 0 50 34 59
9 2 0 49 1 49 59 136
10 2 0 50 1 70 451 56
10 2 0 50 0 51 56 59
10 2 1 50 0 51 59 155
11 2 1 71 0 52 430 39
11 2 1 71 1 51 39 56
11 2 0 51 1 51 56 155
12 2 0 52 1 72 430 38
12 2 0 52 0 53 38 39
12 2 1 52 0 53 39 138
13 2 1 73 0 54 453 38
13 2 0 53 0 54 38 61
13 2 0 53 1 53 61 138
15 2 1 75 0 56 315 413
15 2 1 75 1 55 413 429
15 2 0 55 1 55 429 24
17 2 1 77 0 58 200 284
17 2 0 57 0 58 284 313
17 2 0 57 1 57 313 391
19 2 1 79 0 40 89 141
19 2 0 59 0 40 141 188
19 2 0 59 1 59 188 242
0 3 1 60 0 60 89 98
0 3 1 60 1 80 98 142
0 3 0 61 1 80 142 153
2 3 1 62 0 62 341 350
2 3 1 62 1 82 350 402
2 3 0 63 1 82 402 409
10 3 1 70 0 70 451 461
10 3 1 70 1 90 461 56
10 3 0 71 1 90 56 73
12 3 1 72 0 72 430 447
12 3 1 72 1 92 447 38
12 3 0 73 1 92 38 49
0 4 0 80 1 100 448 496
0 4 0 80 0 81 496 98
0 4 1 80 0 81 98 153
1 4 0 81 1 101 496 153
1 4 1 81 1 101 153 189
1 4 1 81 0 82 189 350
2 4 0 82 1 102 189 251
2 4 0 82 0 83 251 350
2 4 1 82 0 83 350 409
3 4 1 103 0 84 190 251
3 4 0 83 0 84 251 351
3 4 0 83 1 83 351 409
5 4 1 105 0 86 60 134
5 4 0 85 0 86 134 208
5 4 0 85 1 85 208 293
7 4 1 107 0 88 412 23
7 4 0 87 0 88 23 74
7 4 0 87 1 87 74 174
9 4 1 109 0 90 304 390
9 4 0 89 0 90 390 461
9 4 0 89 1 89 461 47
10 4 0 90 1 110 304 410
10 4 0 90 0 91 410 461
10 4 1 90 0 91 461 73
11 4 1 111 0 92 289 410
11 4 0 91 0 92 410 447
11 4 0 91 1 91 447 73
12 4 0 92 1 112 289 392
12 4 0 92 0 93 392 447
12 4 1 92 0 93 447 49
13 4 1 113 0 94 308 392
13 4 0 93 0 94 392 466
13 4 0 93 1 93 466 49
15 4 1 115 0 96 157 272
15 4 0 95 0 96 272 321
15 4 0 95 1 95 321 435
17 4 1 117 0 98 66 137
17 4 0 97 0 98 137 212
17 4 0 97 1 97 212 297
19 4 1 119 0 80 448 495
19 4 0 99 0 80 495 98
19 4 0 99 1 99 98 152
0 5 1 100 0 100 448 496
0 5 0 101 0 100 496 502
0 5 0 101 1 120 502 54
2 5 1 102 0 102 189 251
2 5 0 103 0 102 251 253
2 5 0 103 1 122 253 301
10 5 1 110 0 110 304 357
10 5 1 110 1 130 357 410
10 5 0 111 1 130 410 460
12 5 1 112 0 112 289 339
12 5 1 112 1 132 339 392
12 5 0 113 1 132 392 445
0 6 0 120 1 140 340 399
0 6 0 120 0 121 399 502
0 6 1 120 0 121 502 54
1 6 0 121 1 141 399 54
1 6 1 121 1 141 54 90
1 6 1 121 0 122 90 253
2 6 0 122 1 142 90 145
2 6 0 122 0 123 145 253
2 6 1 122 0 123 253 301
3 6 1 143 0 124 91 145
3 6 0 123 0 124 145 254
3 6 0 123 1 123 254 301
5 6 1 145 0 126 452 31
5 6 0 125 0 126 31 106
5 6 0 125 1 125 106 177
7 6 1 147 0 128 314 428
7 6 0 127 0 128 428 477
7 6 0 127 1 127 477 86
9 6 1 149 0 130 194 283
9 6 0 129 0 130 283 357
9 6 0 129 1 129 357 441
10 6 0 130 1 150 194 302
10 6 0 130 0 131 302 357
10 6 1 130 0 131 357 460
11 6 1 151 0 132 170 302
11 6 0 131 0 132 302 339
11 6 0 131 1 131 339 460
12 6 0 132 1 152 170 288
12 6 0 132 0 133 288 339
12 6 1 132 0 133 339 445
13 6 1 153 0 134 196 288
13 6 0 133 0 134 288 359
13 6 0 133 1 133 359 445
15 6 1 155 0 136 69 169
15 6 0 135 0 136 169 220
15 6 0 135 1 135 220 337
17 6 1 157 0 138 456 35
17 6 0 137 0 138 35 109
17 6 0 137 1 137 109 183
19 6 1 159 0 120 340 398
19 6 0 139 0 120 398 502
19 6 0 139 1 139 502 53
0 7 1 140 0 140 340 347
0 7 1 140 1 0 347 399
0 7 0 141 1 0 399 408
2 7 1 142 0 142 90 101
2 7 1 142 1 2 101 145
2 7 0 143 1 2 145 154
10 7 1 150 0 150 194 205
10 7 1 150 1 10 205 302
10 7 0 151 1 10 302 319
12 7 1 152 0 152 170 187
12 7 1 152 1 12 187 288
12 7 0 153 1 12 288 298

187
5 0 2 1 490 7
5 6 5 0 470 25
15 0 15 2 483 19
17 0 15 0 483 30
17 6 17 0 475 30
2 1 9 2 492 11
9 2 9 4 464 29
13 2 13 4 471 36
15 2 13 2 471 19
1 4 17 6 504 8
0 5 1 4 504 50
7 4 7 6 482 18
9 4 7 4 482 29
13 4 0 5 501 4
7 6 5 6 470 18
12 4 0 5 4 10
3 0 2 1 7 55
5 0 3 0 7 25
0 4 17 6 8 13
12 3 0 5 10 14
2 0 9 2 11 12
1 0 9 2 12 83
19 4 17 6 13 120
12 2 0 5 14 40
7 4 5 6 18 115
15 0 13 2 19 116
5 6 3 0 25 104
9 2 7 4 29 78
17 6 15 0 30 79
13 2 12 4 36 37
13 2 12 3 37 38
12 1 0 5 40 42
12 1 0 6 42 44
12 1 1 6 44 57
0 6 1 4 50 51
1 6 1 4 51 192
11 1 1 6 57 171
12 1 1 4 58 147
1 4 12 1 58 72
1 4 11 1 72 186
7 2 7 4 78 164
9 2 7 2 78 127
15 6 15 0 79 165
17 6 15 6 79 128
1 0 1 6 83 92
1 0 1 6 406 419
1 6 9 2 83 96
1 0 2 6 92 93
1 0 2 7 93 101
10 1 9 2 96 110
1 6 10 1 96 185
0 3 19 4 98 99
0 2 19 4 99 100
19 2 19 4 100 139
3 6 3 0 104 143
5 6 3 6 104 123
10 0 9 2 110 112
9 0 9 2 112 127
5 4 5 6 115 123
7 4 5 4 115 164
13 0 13 2 116 131
15 0 13 0 116 165
17 4 17 6 120 128
19 4 17 4 120 139
5 4 3 6 123 230
9 0 7 2 127 224
17 4 15 6 128 225
13 0 12 2 131 133
13 0 12 1 133 147
19 2 17 4 139 218
0 3 1 2 142 150
3 6 2 0 143 144
3 6 2 7 144 145
13 0 1 4 147 160
0 4 1 2 150 151
1 4 1 2 151 160
1 4 1 2 330 343
13 0 1 2 160 231
7 2 5 4 164 213
15 6 13 0 165 214
10 1 1 6 171 185
1 4 10 1 186 199
0 1 19 2 188 236
1 6 2 4 192 193
1 6 2 5 193 245
2 4 10 1 199 201
2 5 10 1 201 203
2 5 10 0 203 229
10 7 9 0 205 206
10 6 9 0 206 207
9 6 9 0 207 278
5 2 5 4 213 274
7 2 5 2 213 266
13 6 13 0 214 285
15 6 13 6 214 267
17 2 17 4 218 279
19 2 17 2 218 236
7 0 7 2 224 266
9 0 7 0 224 278
15 4 15 6 225 267
17 4 15 4 225 279
2 5 10 7 229 233
5 4 2 6 230 235
13 0 0 2 231 232
13 0 0 1 232 257
2 5 10 6 233 239
5 4 1 6 235 245
0 1 17 2 236 259
2 5 9 6 239 250
5 4 2 5 245 249
3 4 2 5 249 250
5 4 3 4 249 274
3 4 9 6 250 256
2 4 9 6 256 261
13 0 1 1 257 258
12 0 1 1 258 260
0 0 17 2 259 262
12 7 1 1 260 287
1 4 9 6 261 330
19 0 17 2 262 373
7 0 5 2 266 368
15 4 13 6 267 369
5 2 3 4 274 353
9 6 7 0 278 324
17 2 15 4 279 325
13 6 12 0 285 286
13 6 12 7 286 287
13 6 1 1 287 291
12 6 1 1 291 318
11 6 1 1 318 338
7 6 7 0 324 424
9 6 7 6 324 380
15 2 15 4 325 425
17 2 15 2 325 381
1 2 9 6 330 356
12 5 1 1 338 346
11 6 12 5 338 339
1 4 2 2 343 344
1 4 2 3 344 350
12 5 1 0 346 393
0 7 19 0 347 348
0 6 19 0 348 349
19 6 19 0 349 396
3 2 3 4 353 400
5 2 3 2 353 376
10 4 9 6 354 363
9 6 10 4 354 355
9 6 10 5 355 356
1 2 10 5 356 403
9 4 9 6 363 380
5 0 5 2 368 376
7 0 5 0 368 424
13 4 13 6 369 386
15 4 13 4 369 425
17 0 17 2 373 381
19 0 17 0 373 396
5 0 3 2 376 487
9 4 7 6 380 482
17 0 15 2 381 483
13 4 12 6 386 395
13 4 1 0 393 419
12 5 13 4 393 394
12 6 13 4 394 395
19 6 17 0 396 475
0 7 1 6 399 405
3 2 2 4 400 401
3 2 2 3 401 402
1 1 10 5 403 411
0 0 1 6 405 406
10 5 11 4 410 411
1 1 11 4 411 431
13 4 1 6 419 488
7 6 5 0 424 470
15 2 13 4 425 471
1 1 10 4 431 458
1 1 9 4 458 462
1 1 10 3 462 489
10 3 9 4 462 463
10 2 9 4 463 464
19 6 17 6 475 500
5 0 2 2 487 490
13 4 0 6 488 493
1 1 10 2 489 491
1 1 9 2 491 492
13 4 19 6 493 501
0 5 17 6 500 504
19 6 0 5 500 501

411
5 0 2 0 2 1 490 7
15 0 2 2 2 3 483 19
17 0 2 3 2 4 483 30
2 1 2 5 2 0 492 7
9 2 2 6 2 5 492 11
13 2 2 7 2 8 471 19
15 2 2 8 2 2 483 19
1 4 2 9 2 10 504 8
7 4 2 11 2 12 482 18
9 4 2 12 2 6 482 29
13 4 2 13 2 7 501 4
0 5 2 10 2 13 504 4
5 6 2 1 2 14 470 18
7 6 2 14 2 11 482 18
17 6 2 4 2 9 504 8
13 4 0 93 2 7 4 36
12 4 2 15 0 93 4 10
0 5 2 10 2 15 4 10
3 0 2 16 2 17 7 25
5 0 2 17 2 1 7 25
2 1 2 5 2 16 7 11
1 4 0 81 2 10 8 50
0 4 2 18 0 81 8 13
17 6 2 4 2 18 8 13
12 4 1 92 0 93 10 36
12 3 2 19 1 92 10 14
0 5 2 10 2 19 10 14
2 1 1 22 2 16 11 55
2 0 2 20 1 22 11 12
9 2 2 6 2 20 11 12
2 0 0 2 1 22 12 55
1 0 2 21 0 2 12 83
9 2 2 6 2 21 12 29
0 4 0 80 0 81 13 98
19 4 2 22 0 80 13 98
17 6 2 4 2 22 13 30
12 3 1 72 1 92 14 37
12 2 2 23 1 72 14 38
0 5 2 10 2 23 14 40
7 4 2 24 2 12 18 29
5 6 2 1 2 24 18 25
15 0 2 25 2 3 19 30
13 2 2 7 2 25 19 36
3 0 2 16 2 26 25 55
5 6 2 26 2 24 25 104
9 2 2 27 2 21 29 78
7 4 2 24 2 27 29 78
15 0 2 25 2 28 30 79
17 6 2 28 2 22 30 79
12 4 1 92 2 29 36 37
13 2 2 29 2 25 36 37
12 3 1 72 2 30 37 38
13 2 2 30 2 25 37 38
12 2 2 23 0 53 38 40
13 2 0 53 2 25 38 116
12 2 1 52 0 53 40 131
12 1 2 31 1 52 40 42
0 5 2 10 2 31 40 42
0 5 2 10 1 120 42 50
0 6 1 120 2 32 42 44
12 1 2 32 1 52 42 44
0 6 1 120 0 121 44 50
1 6 0 121 2 33 44 51
12 1 2 33 1 52 44 57
0 6 2 34 0 121 50 51
1 4 0 81 2 34 50 51
1 6 2 35 2 33 51 57
1 4 0 81 2 35 51 58
2 0 0 2 0 3 55 101
3 0 0 3 2 26 55 104
12 1 0 32 1 52 57 58
11 1 2 36 0 32 57 72
1 6 2 35 2 36 57 171
12 1 2 37 1 52 58 133
12 1 0 32 2 38 58 72
1 4 2 38 2 35 58 72
1 4 0 81 2 37 58 147
11 1 2 36 2 39 72 171
1 4 2 39 2 35 72 186
7 2 2 40 2 41 78 127
9 2 2 41 2 21 78 83
7 4 2 24 2 40 78 115
15 0 2 25 2 42 79 116
15 6 2 42 2 43 79 128
17 6 2 43 2 22 79 120
1 0 2 44 0 2 83 92
9 2 2 41 2 46 83 96
1 6 2 46 2 44 83 92
1 6 2 46 0 122 92 96
2 6 0 122 2 47 92 93
1 0 2 47 0 2 92 93
2 6 0 122 1 142 93 145
2 7 1 142 2 48 93 101
1 0 2 48 0 2 93 101
10 1 2 49 2 50 96 110
9 2 2 41 2 49 96 110
1 6 2 50 0 122 96 185
19 4 2 22 2 51 98 99
0 3 2 51 1 80 98 99
0 4 1 80 0 81 98 150
0 3 1 60 1 80 99 142
0 2 2 52 1 60 99 100
19 4 2 22 2 52 99 100
0 2 0 40 1 60 100 142
19 2 2 53 0 40 100 139
19 4 2 22 2 53 100 120
2 7 1 142 1 2 101 144
2 0 1 2 0 3 101 143
3 0 0 3 2 54 104 143
3 6 2 54 2 55 104 123
5 6 2 55 2 24 104 115
10 1 1 30 2 50 110 185
10 0 2 56 1 30 110 112
9 2 2 41 2 56 110 112
10 0 0 10 1 30 112 203
9 0 2 57 0 10 112 127
9 2 2 41 2 57 112 127
5 4 2 58 2 59 115 123
7 4 2 59 2 40 115 164
5 6 2 55 2 58 115 123
13 0 2 60 2 61 116 131
15 0 2 61 2 42 116 165
13 2 0 53 2 60 116 131
17 4 2 62 2 63 120 128
19 4 2 63 2 53 120 139
17 6 2 43 2 62 120 128
5 4 2 64 2 59 123 164
3 6 2 54 2 64 123 143
9 0 2 65 0 10 127 205
7 2 2 40 2 65 127 164
17 4 2 66 2 63 128 139
15 6 2 42 2 66 128 165
12 2 1 52 2 67 131 133
13 0 2 67 2 61 131 133
12 1 2 37 2 68 133 147
13 0 2 68 2 61 133 147
19 2 2 69 0 40 139 188
17 4 2 66 2 69 139 218
0 2 0 40 0 41 142 188
0 3 2 70 1 80 142 150
1 2 0 41 2 70 142 150
2 0 1 2 2 71 143 144
3 6 2 71 2 64 143 144
2 7 1 142 2 72 144 145
3 6 2 72 2 64 144 145
2 6 0 122 0 123 145 230
3 6 0 123 2 64 145 230
13 0 2 73 2 61 147 160
1 4 0 81 2 73 147 151
0 4 2 74 0 81 150 151
1 2 0 41 2 74 150 151
1 4 2 75 2 73 151 160
1 2 0 41 2 75 151 160
13 0 2 77 2 61 160 165
1 2 0 41 2 77 160 231
7 2 2 78 2 65 164 213
5 4 2 64 2 78 164 213
13 0 2 77 2 79 165 214
15 6 2 79 2 66 165 214
11 1 0 31 2 39 171 186
10 1 2 80 0 31 171 185
1 6 2 35 2 80 171 185
10 1 1 30 0 31 185 186
1 6 2 35 0 122 185 192
10 1 1 30 2 81 186 199
1 4 2 81 2 35 186 192
19 2 2 69 2 82 188 218
0 1 2 82 1 40 188 232
0 2 1 40 0 41 188 231
1 4 2 81 0 82 192 199
2 4 0 82 2 83 192 193
1 6 2 83 0 122 192 193
2 4 0 82 1 102 193 199
2 5 1 102 2 84 193 201
1 6 2 84 0 122 193 235
2 4 2 85 1 102 199 201
10 1 1 30 2 85 199 201
2 5 2 86 2 84 201 203
10 1 1 30 2 86 201 203
10 0 0 10 2 87 203 205
2 5 2 87 2 84 203 229
9 0 2 65 2 88 205 206
10 7 2 88 1 10 205 206
10 0 1 10 2 87 205 229
10 7 1 150 1 10 206 229
10 6 2 89 1 150 206 207
9 0 2 65 2 89 206 207
10 6 0 130 1 150 207 233
9 6 2 90 0 130 207 239
9 0 2 65 2 90 207 224
5 2 2 91 2 92 213 266
7 2 2 92 2 65 213 224
5 4 2 64 2 91 213 230
13 0 2 77 2 93 214 231
13 6 2 93 2 94 214 267
15 6 2 94 2 66 214 225
17 2 2 95 2 96 218 236
19 2 2 96 2 82 218 236
17 4 2 66 2 95 218 225
7 0 2 97 2 98 224 266
9 0 2 98 2 90 224 278
7 2 2 92 2 97 224 266
15 4 2 99 2 100 225 267
17 4 2 100 2 95 225 279
15 6 2 94 2 99 225 267
10 7 1 150 2 101 229 233
2 5 2 101 2 84 229 233
2 6 0 122 2 102 230 235
5 4 2 102 2 91 230 235
0 2 1 40 2 103 231 232
13 0 2 103 2 93 231 232
0 1 2 82 2 104 232 236
13 0 2 104 2 93 232 257
10 6 0 130 2 105 233 239
2 5 2 105 2 84 233 239
1 6 2 84 2 106 235 245
5 4 2 106 2 91 235 245
0 1 2 107 2 104 236 257
17 2 2 95 2 107 236 259
9 6 2 90 2 108 239 250
2 5 2 108 2 84 239 245
5 4 2 109 2 91 245 249
2 5 2 108 2 109 245 249
3 4 2 110 2 111 249 250
5 4 2 111 2 91 249 274
2 5 2 108 2 110 249 250
3 4 2 112 2 111 250 256
9 6 2 90 2 112 250 256
3 4 0 83 2 111 256 274
2 4 2 113 0 83 256 261
9 6 2 90 2 113 256 261
0 1 2 107 0 21 257 259
1 1 0 21 2 114 257 258
13 0 2 114 2 93 257 258
13 0 0 13 2 93 258 285
12 0 2 115 0 13 258 260
1 1 0 21 2 115 258 260
0 1 1 20 0 21 259 300
0 0 2 116 1 20 259 262
17 2 2 95 2 116 259 262
12 0 1 12 0 13 260 285
12 7 2 117 1 12 260 286
1 1 0 21 2 117 260 287
2 4 0 82 0 83 261 350
1 4 2 118 0 82 261 330
9 6 2 90 2 118 261 278
0 0 0 0 1 20 262 300
19 0 2 119 0 0 262 347
17 2 2 95 2 119 262 279
7 0 2 120 2 98 266 278
5 2 2 91 2 120 266 274
15 4 2 121 2 100 267 279
13 6 2 93 2 121 267 285
5 2 2 122 2 120 274 353
3 4 0 83 2 122 274 353
7 0 2 120 2 123 278 324
9 6 2 123 2 118 278 324
17 2 2 124 2 119 279 325
15 4 2 121 2 124 279 325
12 0 1 12 2 125 285 286
13 6 2 125 2 121 285 286
12 7 2 117 2 126 286 287
13 6 2 126 2 121 286 287
1 1 0 21 2 127 287 291
13 6 2 127 2 121 287 291
13 6 0 133 2 121 291 369
12 6 2 128 0 133 291 318
1 1 0 21 2 128 291 300
0 0 0 0 0 1 300 347
1 0 0 1 1 21 300 346
1 1 1 21 2 128 300 318
12 6 0 132 0 133 318 339
11 6 2 129 0 132 318 338
1 1 1 21 2 129 318 338
7 0 2 120 2 130 324 368
7 6 2 130 2 131 324 380
9 6 2 131 2 118 324 330
15 2 2 132 2 133 325 381
17 2 2 133 2 119 325 373
15 4 2 121 2 132 325 369
1 2 2 134 2 76 330 343
1 4 2 76 0 82 330 343
9 6 2 131 2 134 330 354
1 1 1 21 2 135 338 346
12 5 2 135 2 136 338 339
11 6 2 136 0 132 338 339
12 5 2 135 1 132 339 346
12 6 1 132 0 133 339 386
1 2 2 134 0 42 343 356
2 2 0 42 2 137 343 344
1 4 2 137 0 82 343 344
2 2 0 42 1 62 344 402
2 3 1 62 2 138 344 350
1 4 2 138 0 82 344 350
1 0 0 1 2 139 346 393
12 5 2 139 1 132 346 393
19 0 2 119 2 140 347 348
0 7 2 140 1 0 347 348
0 0 1 0 0 1 347 405
0 7 1 140 1 0 348 399
0 6 2 141 1 140 348 349
19 0 2 119 2 141 348 349
0 6 0 120 1 140 349 399
19 6 2 142 0 120 349 396
19 0 2 119 2 142 349 373
2 3 1 62 1 82 350 401
2 4 1 82 0 83 350 400
3 2 2 143 2 144 353 376
5 2 2 144 2 120 353 368
3 4 0 83 2 143 353 400
10 4 2 145 2 146 354 355
9 6 2 146 2 134 354 355
9 6 2 131 2 145 354 363
10 4 2 145 1 110 355 363
10 5 1 110 2 147 355 356
9 6 2 147 2 134 355 356
1 2 2 148 0 42 356 403
10 5 1 110 2 148 356 403
10 4 0 90 1 110 363 410
9 4 2 149 0 90 363 380
9 6 2 131 2 149 363 380
5 0 2 150 2 151 368 376
7 0 2 151 2 130 368 424
5 2 2 144 2 150 368 376
13 4 2 152 2 153 369 386
15 4 2 153 2 132 369 425
13 6 0 133 2 152 369 386
17 0 2 154 2 155 373 381
19 0 2 155 2 142 373 396
17 2 2 133 2 154 373 381
5 0 2 156 2 151 376 424
3 2 2 143 2 156 376 400
9 4 2 157 0 90 380 458
7 6 2 130 2 157 380 424
17 0 2 158 2 155 381 396
15 2 2 132 2 158 381 425
12 6 1 132 2 159 386 394
13 4 2 159 2 153 386 395
1 0 0 1 2 160 393 406
13 4 2 160 2 161 393 394
12 5 2 161 1 132 393 394
12 6 2 162 2 159 394 395
13 4 2 160 2 162 394 395
13 4 2 160 2 153 395 419
17 0 2 158 2 163 396 475
19 6 2 163 0 120 396 475
0 6 0 120 0 121 399 488
0 7 2 164 1 0 399 405
1 6 0 121 2 164 399 405
2 4 1 82 2 165 400 401
3 2 2 165 2 156 400 401
2 3 1 62 2 166 401 402
3 2 2 166 2 156 401 402
2 2 0 42 0 43 402 449
3 2 0 43 2 156 402 487
1 2 1 41 0 42 403 449
1 1 2 167 1 41 403 411
10 5 1 110 2 167 403 410
0 0 2 168 0 1 405 406
1 6 0 121 2 168 405 406
1 0 2 45 2 160 406 419
1 6 0 121 2 45 406 419
10 4 0 90 0 91 410 431
10 5 2 169 2 167 410 411
11 4 0 91 2 169 410 411
1 1 2 170 1 41 411 431
11 4 0 91 2 170 411 431
13 4 2 171 2 153 419 425
1 6 0 121 2 171 419 488
5 0 2 156 2 172 424 470
7 6 2 172 2 157 424 470
15 2 2 173 2 158 425 471
13 4 2 171 2 173 425 471
10 4 0 90 2 174 431 458
1 1 2 174 1 41 431 449
1 1 2 174 0 22 449 458
2 1 0 22 1 42 449 490
2 2 1 42 0 43 449 487
9 4 2 157 2 175 458 462
1 1 2 175 0 22 458 462
1 1 2 176 0 22 462 489
10 3 2 177 2 176 462 463
9 4 2 157 2 177 462 463
10 3 1 70 2 176 463 489
10 2 2 178 1 70 463 464
9 4 2 157 2 178 463 464
10 2 0 50 1 70 464 489
9 2 2 6 0 50 464 491
9 4 2 157 2 6 464 482
5 0 2 156 2 1 470 487
7 6 2 14 2 157 470 482
15 2 2 8 2 158 471 483
13 4 2 171 2 7 471 488
17 0 2 158 2 4 475 483
17 6 2 4 2 179 475 500
19 6 2 179 0 120 475 493
2 2 1 42 2 180 487 490
5 0 2 180 2 1 487 490
0 6 0 120 2 181 488 493
13 4 2 181 2 7 488 493
10 2 0 50 2 182 489 491
1 1 2 182 0 22 489 491
2 1 0 22 2 0 490 492
9 2 2 6 2 183 491 492
1 1 2 183 0 22 491 492
19 6 2 179 2 184 493 500
13 4 2 184 2 7 493 501
0 5 2 185 2 186 500 501
17 6 2 4 2 185 500 504
19 6 2 186 2 184 500 501
0 5 2 185 2 13 501 504
