-5 1.00001 3.1416
-4.99954 0.932308 3.15514
-4.99816 0.864628 3.16868
-4.99587 0.796972 3.18221
-4.99266 0.729354 3.19575
-4.98854 0.661786 3.20929
-4.98351 0.594279 3.22283
-4.97756 0.526847 3.23637
-4.9707 0.459501 3.24991
-4.96292 0.392255 3.26345
-4.95424 0.32512 3.27699
-4.94465 0.258109 3.29053
-4.93415 0.191234 3.30406
-4.92275 0.124507 3.3176
-4.91045 0.0579395 3.33114
-4.89724 -0.0084544 3.34468
-4.88314 -0.0746634 3.35822
-4.7895 -0.0872968 3.35822
-4.69548 -0.0966875 3.35822
-4.6012 -0.102824 3.35822
-4.50675 -0.105699 3.35822
-4.41227 -0.10531 3.35822
-4.31785 -0.101657 3.35822
-4.22362 -0.0947443 3.35822
-4.12968 -0.0845795 3.35822
-4.19259 -0.0972004 3.32098
-4.25592 -0.10747 3.28374
-4.31959 -0.115375 3.2465
-4.38351 -0.120904 3.20926
-4.44759 -0.124049 3.17202
-4.51175 -0.124806 3.13478
-4.57589 -0.123173 3.09753
-4.63992 -0.119154 3.06029
-4.70376 -0.112754 3.02305
-4.76732 -0.103981 2.98581
-4.8305 -0.0928484 2.94857
-4.89323 -0.0793704 2.91133
-4.95541 -0.0635662 2.87409
-5.01696 -0.0454579 2.83685
-5.0778 -0.0250704 2.79961
-5.13783 -0.0024321 2.76237
-5.19698 0.0224257 2.72513
-5.10257 -0.00748482 2.72513
-5.00713 -0.0339567 2.72513
-4.9108 -0.0569553 2.72513
-4.81371 -0.0764504 2.72513
-4.71596 -0.0924165 2.72513
-4.61771 -0.104832 2.72513
-4.51907 -0.113682 2.72513
-4.42017 -0.118954 2.72513
-4.32115 -0.120641 2.72513
-4.22213 -0.118741 2.72513
-4.12324 -0.113256 2.72513
-4.02462 -0.104194 2.72513
-3.92639 -0.0915672 2.72513
-3.82869 -0.0753909 2.72513
-3.8547 0.0117965 2.72513
-3.8836 0.0980704 2.72513
-3.89878 0.18421 2.72513
-3.88516 0.27061 2.72513
-3.91738 0.296755 2.68486
-3.94853 0.324175 2.6446
-3.97855 0.352827 2.60434
-4.00739 0.382664 2.56408
-4.03501 0.413638 2.52382
-4.00316 0.504879 2.52382
-3.96875 0.595186 2.52382
-3.93181 0.684487 2.52382
-3.89236 0.772712 2.52382
-3.85045 0.859789 2.52382
-3.8061 0.94565 2.52382
-3.75934 1.03023 2.52382
-3.71022 1.11346 2.52382
-3.65877 1.19526 2.52382
-3.60504 1.27559 2.52382
-3.54906 1.35437 2.52382
-3.49089 1.43154 2.52382
-3.43056 1.50703 2.52382
-3.36813 1.5808 2.52382
-3.30364 1.65278 2.52382
-3.23715 1.72291 2.52382
-3.16871 1.79114 2.52382
-3.09837 1.85741 2.52382
-3.0262 1.92168 2.52382
-2.95224 1.98388 2.52382
-2.87655 2.04398 2.52382
-2.83217 2.10505 2.50242
-2.78649 2.16515 2.48103
-2.73953 2.22427 2.45964
-2.69132 2.28237 2.43824
-2.64395 2.33708 2.41773
-2.59546 2.39082 2.39722
-2.54588 2.44354 2.37671
-2.49523 2.49524 2.3562
-2.44353 2.54589 2.33569
-2.39081 2.59547 2.31518
-2.33707 2.64396 2.29467
-2.28236 2.69133 2.27416
-2.21668 2.74567 2.25
-2.14972 2.79841 2.22585
-2.0815 2.84952 2.20169
-2.01207 2.89897 2.17753
-1.94146 2.94672 2.15338
-1.86972 2.99275 2.12922
-1.79689 3.03704 2.10507
-1.72301 3.07956 2.08091
-1.64813 3.12027 2.05675
-1.57228 3.15917 2.0326
-1.49552 3.19623 2.00844
-1.41788 3.23142 1.98429
-1.33942 3.26472 1.96013
-1.26017 3.29612 1.93598
-1.18019 3.3256 1.91182
-1.09952 3.35313 1.88766
-1.01821 3.37871 1.86351
-0.936309 3.40232 1.83935
-0.853858 3.42394 1.8152
-0.770908 3.44357 1.79104
-0.687509 3.46118 1.76688
-0.603709 3.47678 1.74273
-0.519556 3.49035 1.71857
-0.435101 3.50188 1.69442
-0.350391 3.51136 1.67026
-0.265477 3.5188 1.6461
-0.180408 3.52419 1.62195
-0.0952342 3.52752 1.59779
-0.0100044 3.52879 1.57364
0.0752312 3.528 1.54948
0.160423 3.52515 1.52532
0.245522 3.52025 1.50117
0.330476 3.51329 1.47701
0.415238 3.50429 1.45286
0.499758 3.49324 1.4287
0.583986 3.48015 1.40455
0.667874 3.46502 1.38039
0.751372 3.44788 1.35623
0.834431 3.42873 1.33208
0.917003 3.40757 1.30792
0.999041 3.38443 1.28377
1.0805 3.35931 1.25961
1.16132 3.33223 1.23545
1.24147 3.30321 1.2113
1.32089 3.27226 1.18714
1.39954 3.2394 1.16299
1.47738 3.20466 1.13883
1.55435 3.16804 1.11467
1.63042 3.12957 1.09052
1.70553 3.08928 1.06636
1.77965 3.04718 1.04221
1.85273 3.00331 1.01805
1.92473 2.95768 0.99389
1.99561 2.91033 0.969734
2.06532 2.86128 0.945578
2.13383 2.81056 0.921422
2.20109 2.7582 0.897266
2.26707 2.70423 0.87311
2.33172 2.64868 0.848955
2.39502 2.59159 0.824799
2.45692 2.53299 0.800643
2.51738 2.47291 0.776487
2.57637 2.41138 0.752331
2.63387 2.34845 0.728175
2.68982 2.28415 0.704019
2.77407 2.22828 0.704019
2.85664 2.16996 0.704019
2.93745 2.10923 0.704019
3.01644 2.04614 0.704019
3.09353 1.98075 0.704019
3.16866 1.91311 0.704019
3.24176 1.84329 0.704019
3.31277 1.77135 0.704019
3.38163 1.69734 0.704019
3.44828 1.62133 0.704019
3.51266 1.54339 0.704019
3.57471 1.46359 0.704019
3.63438 1.38199 0.704019
3.69162 1.29866 0.704019
3.74638 1.21369 0.704019
3.79861 1.12714 0.704019
3.84826 1.03908 0.704019
3.89529 0.949599 0.704019
3.93967 0.85877 0.704019
3.98135 0.766673 0.704019
4.02029 0.673387 0.704019
4.05647 0.578993 0.704019
4.08985 0.483573 0.704019
4.06151 0.445879 0.658265
4.03147 0.409522 0.612511
3.99981 0.374576 0.566757
3.96658 0.341115 0.521002
3.93185 0.309209 0.475248
3.8957 0.278924 0.429494
3.85821 0.250325 0.38374
3.81944 0.223471 0.337986
3.77949 0.198417 0.292232
3.73843 0.175218 0.246477
3.75205 0.0888172 0.246477
3.73687 0.00267751 0.246477
3.83303 -0.0233195 0.246477
3.93007 -0.0457968 0.246477
4.02787 -0.0647246 0.246477
4.12629 -0.0800777 0.246477
4.22521 -0.0918358 0.246477
4.32449 -0.0999833 0.246477
4.42399 -0.104509 0.246477
4.5236 -0.105407 0.246477
4.62318 -0.102677 0.246477
4.72259 -0.0963228 0.246477
4.8217 -0.0863511 0.246477
4.92038 -0.0727761 0.246477
5.00754 -0.0404608 0.246477
5.09356 -0.00520127 0.246477
5.17832 0.0329618 0.246477
5.26174 0.0739842 0.246477
5.34372 0.117819 0.246477
5.3868 0.139592 0.199651
5.43084 0.159326 0.152825
5.47576 0.176976 0.105999
5.52146 0.192504 0.059172
5.56783 0.205876 0.0123457
5.56783 0.205876 0.0123457
5.61374 0.216839 -0.033448
5.6601 0.22569 -0.0792417
5.70682 0.232409 -0.125035
5.75379 0.236982 -0.170829
5.80093 0.2394 -0.216622
5.7149 0.193491 -0.216622
5.62729 0.150678 -0.216622
5.5382 0.111017 -0.216622
5.44776 0.0745564 -0.216622
5.35608 0.0413445 -0.216622
5.26327 0.011423 -0.216622
5.16945 -0.0151703 -0.216622
5.07474 -0.0384014 -0.216622
4.97927 -0.0582408 -0.216622
4.88315 -0.0746634 -0.216622
4.89725 -0.00845441 -0.203083
4.91046 0.0579395 -0.189545
4.92276 0.124507 -0.176006
4.93416 0.191234 -0.162467
4.94466 0.258109 -0.148928
4.95425 0.32512 -0.135389
4.96293 0.392255 -0.12185
4.97071 0.459501 -0.108311
4.97757 0.526847 -0.0947725
4.98352 0.594279 -0.0812335
4.98855 0.661786 -0.0676946
4.99267 0.729354 -0.0541557
4.99588 0.796972 -0.0406167
4.99817 0.864628 -0.0270778
4.99955 0.932308 -0.0135389
5 1.00001 -3.59858e-09
