-0.183503 2.68504e-09 1.17605e-09
-0.183503 2.68504e-09 2.34208e-07
-0.183503 1.94212e-07 2.34208e-07
-0.183566 0.01008 0.0123457
-0.185135 0.0515901 0.0632268
-0.188813 0.0929666 0.114108
-0.188834 0.0931453 0.114328
-0.188834 0.0931449 0.114328
-0.188834 0.0931453 0.114328
-0.194779 0.135223 0.16638
-0.202905 0.176935 0.218433
-0.203166 0.178106 0.219902
-0.203166 0.178106 0.219902
-0.205559 0.188495 0.23296
-0.205 0.187929 0.23296
-0.205208 0.18948 0.235179
-0.205579 0.188645 0.235179
-0.200567 0.203447 0.267094
-0.207147 0.210217 0.267094
-0.207147 0.210217 0.267094
-0.178106 0.203166 0.303697
-0.176935 0.202905 0.305166
-0.171875 0.201799 0.31151
-0.13258 0.194339 0.3605
-0.0929665 0.188813 0.409491
-0.0929665 0.188813 0.409491
-0.0558174 0.185414 0.455183
-0.0185519 0.183714 0.500876
0.0187524 0.183719 0.546568
0.0560176 0.185427 0.59226
0.0931658 0.188836 0.637952
0.135233 0.194781 0.689992
0.176935 0.202905 0.742032
0.178106 0.203166 0.743501
0.178106 0.203166 0.743501
0.188495 0.205559 0.756559
0.187929 0.205 0.756559
0.18948 0.205208 0.758777
0.188645 0.205579 0.758777
0.203447 0.200566 0.790692
0.210217 0.207147 0.790692
0.210217 0.207146 0.790692
0.203166 0.178106 0.827296
0.202905 0.176935 0.828765
0.201799 0.171875 0.835108
0.194339 0.13258 0.884099
0.188813 0.0929665 0.93309
0.188813 0.0929665 0.93309
0.185414 0.0558219 0.978777
0.183715 0.0185608 1.02446
0.183719 -0.018739 1.07015
0.185426 -0.0559997 1.11584
0.188834 -0.0931436 1.16152
0.194779 -0.135222 1.21358
0.202905 -0.176935 1.26563
0.203166 -0.178106 1.2671
0.203166 -0.178106 1.2671
0.205559 -0.188495 1.28016
0.205 -0.187929 1.28016
0.205208 -0.18948 1.28238
0.205579 -0.188645 1.28238
0.200567 -0.203447 1.31429
0.207147 -0.210217 1.31429
0.207146 -0.210217 1.31429
0.178106 -0.203166 1.35089
0.176935 -0.202905 1.35236
0.176934 -0.202905 1.35236
0.171874 -0.201798 1.35871
0.171875 -0.201798 1.35871
0.171875 -0.201798 1.35871
0.13258 -0.194339 1.4077
0.0929666 -0.188813 1.45669
0.055819 -0.185414 1.50238
0.0185548 -0.183714 1.54807
-0.018748 -0.183719 1.59376
-0.0560118 -0.185427 1.63945
-0.0931586 -0.188835 1.68514
-0.0931582 -0.188835 1.68514
-0.0931585 -0.188835 1.68514
-0.13523 -0.19478 1.73719
-0.176935 -0.202905 1.78923
-0.178106 -0.203166 1.7907
-0.178106 -0.203166 1.7907
-0.188495 -0.205559 1.80376
-0.187929 -0.205 1.80376
-0.18948 -0.205208 1.80597
-0.188645 -0.205579 1.80597
-0.203447 -0.200567 1.83789
-0.210217 -0.207147 1.83789
-0.210217 -0.207147 1.83789
-0.203166 -0.178106 1.87449
-0.202905 -0.176935 1.87596
-0.201799 -0.171875 1.88231
-0.194339 -0.13258 1.9313
-0.188813 -0.0929665 1.98029
-0.188813 -0.0929665 1.98029
-0.188813 -0.0929665 1.98029
-0.185865 -0.0620525 2.01832
-0.184094 -0.0310488 2.05636
-0.183504 -1.35211e-07 2.09439
-0.183503 6.01442e-09 2.09439
-0.183503 6.01442e-09 2.0944
