0.177834 -8.48157e-09 5.00301e-09
0.177834 -8.48156e-09 3.01688e-06
0.177834 -8.48086e-09 3.01688e-06
0.177835 4.36541e-07 2.37022e-06
0.171686 -0.00848133 0.0123457
0.171718 -0.00853612 0.0123457
0.169644 -0.0114789 0.0165777
0.168534 -0.0130654 0.0188541
0.161387 -0.0234663 0.0336897
0.13744 -0.0609529 0.0859883
0.115485 -0.09964 0.138287
0.095582 -0.139422 0.190586
0.0901833 -0.15119 0.205806
0.0885916 -0.148436 0.205806
0.0874737 -0.151502 0.209436
0.0889222 -0.154008 0.209436
0.0889195 -0.154008 0.209439
0.0889179 -0.154011 0.209439
0.0748914 -0.152654 0.226006
0.0729517 -0.152485 0.228294
0.0603718 -0.151496 0.243129
0.0159339 -0.1495 0.295427
-0.0285476 -0.14983 0.347726
-0.072951 -0.152485 0.400024
-0.086019 -0.153711 0.415454
-0.0843886 -0.150884 0.415454
-0.0873284 -0.151256 0.418879
-0.0889171 -0.154011 0.418879
-0.0889184 -0.154008 0.418883
-0.0889223 -0.154008 0.418883
-0.0947675 -0.141167 0.435469
-0.0955818 -0.139422 0.437733
-0.101016 -0.128032 0.452568
-0.121506 -0.0885497 0.504867
-0.144033 -0.0501925 0.557166
-0.168534 -0.0130653 0.609464
-0.176311 -0.00211117 0.625257
-0.172893 -0.00210923 0.625257
-0.174264 -1.64838e-06 0.628316
-0.177837 -3.77642e-06 0.628316
-0.177834 -3.92321e-07 0.628321
-0.177837 3.86623e-06 0.628321
-0.169646 0.0114769 0.644893
-0.168534 0.0130655 0.647172
-0.161387 0.0234668 0.662008
-0.137439 0.0609534 0.714307
-0.115484 0.0996406 0.766606
-0.0955817 0.139423 0.818904
-0.0901824 0.151192 0.834126
-0.0885901 0.148437 0.834126
-0.0874718 0.151499 0.837754
-0.0889221 0.154009 0.837754
-0.0889193 0.154008 0.837757
-0.0889177 0.154011 0.837757
-0.0748939 0.152654 0.854321
-0.072951 0.152485 0.856613
-0.0603715 0.151496 0.871447
-0.0159336 0.1495 0.923746
0.0285479 0.14983 0.976044
0.0729513 0.152485 1.02834
0.0859756 0.153707 1.04372
0.0843557 0.150898 1.04372
0.0873603 0.151311 1.0472
0.0889174 0.154011 1.0472
0.0889187 0.154008 1.0472
0.0889224 0.154008 1.0472
0.0947682 0.141166 1.06379
0.095582 0.139422 1.06605
0.101016 0.128032 1.08089
0.121507 0.08855 1.13319
0.144033 0.0501928 1.18548
0.168534 0.0130656 1.23778
0.169642 0.0114818 1.24006
0.169587 0.0113867 1.24006
0.176181 0.00227804 1.25332
0.176181 0.00227804 1.25332
0.177835 3.43797e-09 1.25663
0.177834 3.43973e-09 1.25663
0.177834 3.43978e-09 1.25664
