10 -8.34809e-09 -0.0999999
9.91516 0.00847674 -0.0991487
9.8303 0.0168813 -0.0982974
9.74544 0.0252136 -0.0974461
9.66057 0.0334736 -0.0965948
9.57569 0.0416614 -0.0957435
9.49081 0.0497769 -0.0948922
9.40592 0.0578201 -0.0940409
9.32102 0.0657911 -0.0931897
9.23612 0.0736898 -0.0923384
9.15121 0.0815162 -0.0914871
9.06629 0.0892704 -0.0906358
8.98137 0.0969522 -0.0897845
8.89644 0.104562 -0.0889332
8.8115 0.112099 -0.0880819
8.72655 0.119564 -0.0872307
8.64161 0.126957 -0.0863794
8.64845 0.187241 -0.0863794
8.65578 0.247467 -0.0863794
8.66202 0.205698 -0.106865
8.66741 0.163809 -0.127352
8.6713 0.277426 -0.127352
8.65455 0.389869 -0.127352
8.61771 0.497417 -0.127352
8.562 0.596512 -0.127352
8.48925 0.683876 -0.127352
8.40189 0.756618 -0.127352
8.30279 0.812332 -0.127352
8.19525 0.849174 -0.127352
8.0828 0.865926 -0.127352
7.96919 0.862032 -0.127352
7.96919 0.862032 -0.127352
7.96163 0.919131 -0.0994128
7.95248 0.975997 -0.0714731
7.94175 1.03259 -0.0435335
7.92943 1.08886 -0.0155939
7.91555 1.14476 0.0123457
7.81895 1.13323 0.0123457
7.72219 1.12298 0.0123457
7.62532 1.11401 0.0123457
7.52833 1.10632 0.0123457
7.43125 1.0999 0.0123457
7.33409 1.09477 0.0123457
7.23687 1.09092 0.0123457
7.13961 1.08836 0.0123457
7.04233 1.08707 0.0123457
6.94503 1.08707 0.0123457
6.84775 1.08836 0.0123457
6.75049 1.09092 0.0123457
6.65327 1.09477 0.0123457
6.55611 1.0999 0.0123457
6.45903 1.10632 0.0123457
6.36204 1.11401 0.0123457
6.26517 1.12298 0.0123457
6.16841 1.13323 0.0123457
6.0718 1.14476 0.0123457
6.05387 1.20871 0.0445653
6.03388 1.27205 0.0767849
6.01187 1.33471 0.109005
5.98784 1.39664 0.141225
5.96183 1.45775 0.173444
5.93387 1.518 0.205664
5.90399 1.57731 0.237883
5.8722 1.63564 0.270103
5.83856 1.6929 0.302323
5.80308 1.74906 0.334542
5.76582 1.80404 0.366762
5.7268 1.85779 0.398981
5.68608 1.91026 0.431201
5.64368 1.96139 0.463421
5.59966 2.01112 0.49564
5.55406 2.05942 0.52786
5.50693 2.10622 0.56008
5.40942 2.11082 0.56008
5.31238 2.10018 0.56008
5.21819 2.07456 0.56008
5.12913 2.03459 0.56008
5.04738 1.98123 0.56008
4.97494 1.9158 0.56008
4.97494 1.9158 0.56008
4.90866 1.8467 0.56008
4.84149 1.77846 0.56008
4.77344 1.7111 0.56008
4.70452 1.64463 0.56008
4.63474 1.57906 0.56008
4.56412 1.5144 0.56008
4.49266 1.45066 0.56008
4.42038 1.38785 0.56008
4.3473 1.32599 0.56008
4.27341 1.26509 0.56008
4.19874 1.20514 0.56008
4.1233 1.14618 0.56008
4.0471 1.08819 0.56008
3.97016 1.0312 0.56008
3.89248 0.975214 0.56008
3.81408 0.920242 0.56008
3.73497 0.866292 0.56008
3.65517 0.813374 0.56008
3.57469 0.761496 0.56008
3.64833 0.808909 0.56008
3.72141 0.857192 0.56008
3.79391 0.906341 0.56008
3.86581 0.956346 0.56008
3.93712 1.00721 0.56008
3.81586 0.924655 0.566988
3.76963 0.895099 0.573897
3.7362 0.874107 0.580805
3.68 0.834715 0.580805
3.62342 0.795847 0.580805
3.56649 0.757508 0.580805
3.54747 0.746947 0.614408
3.54257 0.822517 0.614408
3.51641 0.781981 0.652862
3.4676 0.745126 0.691316
3.39688 0.710836 0.72977
3.35755 0.63522 0.72977
3.30831 0.565658 0.72977
3.25005 0.503442 0.72977
3.18388 0.449731 0.72977
3.11101 0.405522 0.72977
3.11101 0.405522 0.72977
3.02361 0.359602 0.72977
2.93684 0.312515 0.72977
2.8507 0.264272 0.72977
2.76522 0.214879 0.72977
2.68041 0.164347 0.72977
2.59628 0.112684 0.72977
2.51285 0.0598992 0.72977
2.43013 0.00600248 0.72977
2.34814 -0.0489966 0.72977
2.2669 -0.105088 0.72977
2.18641 -0.162262 0.72977
2.1067 -0.220508 0.72977
2.02777 -0.279817 0.72977
1.94965 -0.340176 0.72977
1.87234 -0.401576 0.72977
1.79586 -0.464005 0.72977
1.72022 -0.527453 0.72977
1.64544 -0.591907 0.72977
1.57152 -0.657357 0.72977
1.49849 -0.72379 0.72977
1.45711 -0.756429 0.704946
1.41255 -0.789215 0.680123
1.36469 -0.822045 0.6553
1.31341 -0.85481 0.630477
1.39153 -0.854474 0.630477
1.46965 -0.85331 0.630477
1.45695 -0.903064 0.594387
1.44503 -0.954168 0.558298
1.4338 -1.00662 0.522209
1.42319 -1.06042 0.48612
1.41311 -1.11557 0.450031
1.40349 -1.17205 0.413942
1.39431 -1.22941 0.378118
1.38543 -1.28803 0.342295
1.37678 -1.34789 0.306471
1.36828 -1.40896 0.270647
1.35987 -1.4712 0.234824
1.35148 -1.53456 0.199
1.34305 -1.599 0.163177
1.33453 -1.66447 0.127353
1.34533 -1.57252 0.127353
1.35498 -1.48045 0.127353
1.36347 -1.38825 0.127353
1.3708 -1.29596 0.127353
1.37697 -1.20359 0.127353
1.38199 -1.11114 0.127353
1.38584 -1.01864 0.127353
1.38853 -0.926102 0.127353
1.39006 -0.833533 0.127353
1.39006 -0.833533 0.127353
1.30174 -0.841971 0.127353
1.21353 -0.851471 0.127353
1.12544 -0.862031 0.127353
1.11764 -0.920787 0.0986008
1.10815 -0.979294 0.0698491
1.09698 -1.0375 0.0410974
1.08415 -1.09536 0.0123457
1.07492 -1.13275 -0.00633355
1.065 -1.16996 -0.0250127
0.981237 -1.17483 -0.0250127
0.897581 -1.16845 -0.0250127
0.815534 -1.15092 -0.0250127
0.785497 -1.19698 -0.0505976
0.754291 -1.24227 -0.0761826
0.721937 -1.28674 -0.101767
0.688455 -1.33037 -0.127352
0.597692 -1.29481 -0.127352
0.506466 -1.26045 -0.127352
0.414794 -1.2273 -0.127352
0.322692 -1.19536 -0.127352
0.230176 -1.16465 -0.127352
0.137262 -1.13516 -0.127352
0.0439656 -1.1069 -0.127352
-0.0496955 -1.07988 -0.127352
-0.143705 -1.05409 -0.127352
-0.238048 -1.02955 -0.127352
-0.332707 -1.00626 -0.127352
-0.427665 -0.984232 -0.127352
-0.522906 -0.963453 -0.127352
-0.618414 -0.943934 -0.127352
-0.714171 -0.92568 -0.127352
-0.810161 -0.908692 -0.127352
-0.906368 -0.892976 -0.127352
-1.00277 -0.878532 -0.127352
-1.09936 -0.865363 -0.127352
-1.19611 -0.853473 -0.127352
-1.29301 -0.842862 -0.127352
-1.39005 -0.833533 -0.127352
-1.38852 -0.926102 -0.127352
-1.38583 -1.01864 -0.127352
-1.38198 -1.11114 -0.127352
-1.37696 -1.20359 -0.127352
-1.37079 -1.29596 -0.127352
-1.36346 -1.38825 -0.127352
-1.35497 -1.48045 -0.127352
-1.34532 -1.57252 -0.127352
-1.33452 -1.66447 -0.127352
-1.34304 -1.599 -0.163176
-1.35147 -1.53456 -0.198999
-1.35986 -1.4712 -0.234823
-1.36827 -1.40896 -0.270646
-1.37677 -1.34789 -0.30647
-1.38542 -1.28803 -0.342294
-1.3943 -1.22941 -0.378117
-1.40348 -1.17205 -0.413941
-1.30387 -1.16831 -0.413941
-1.20432 -1.16323 -0.413941
-1.10484 -1.15681 -0.413941
-1.00547 -1.14904 -0.413941
-0.90621 -1.13993 -0.413941
-0.80708 -1.12948 -0.413941
-0.7081 -1.11768 -0.413941
-0.789948 -1.09215 -0.438
-0.868098 -1.06536 -0.46206
-0.942549 -1.03746 -0.486119
-1.01331 -1.00859 -0.510178
-1.08042 -0.978922 -0.534238
-1.14392 -0.948573 -0.558297
-1.20387 -0.917687 -0.582357
-1.26034 -0.886392 -0.606416
-1.3134 -0.85481 -0.630476
-1.36468 -0.822045 -0.655299
-1.41254 -0.789215 -0.680122
-1.4571 -0.756429 -0.704945
-1.49848 -0.72379 -0.729769
-1.57151 -0.657357 -0.729769
-1.64543 -0.591907 -0.729769
-1.72021 -0.527453 -0.729769
-1.79585 -0.464005 -0.729769
-1.87233 -0.401576 -0.729769
-1.94964 -0.340176 -0.729769
-2.02776 -0.279817 -0.729769
-2.10669 -0.220508 -0.729769
-2.1864 -0.162262 -0.729769
-2.26689 -0.105088 -0.729769
-2.34813 -0.0489966 -0.729769
-2.43012 0.00600246 -0.729769
-2.51284 0.0598992 -0.729769
-2.59627 0.112684 -0.729769
-2.6804 0.164347 -0.729769
-2.76521 0.214879 -0.729769
-2.85069 0.264272 -0.729769
-2.93683 0.312515 -0.729769
-3.0236 0.359602 -0.729769
-3.111 0.405522 -0.729769
-3.111 0.405522 -0.729769
-3.18387 0.449731 -0.729769
-3.25004 0.503442 -0.729769
-3.3083 0.565658 -0.729769
-3.35754 0.63522 -0.729769
-3.39687 0.710836 -0.729769
-3.35146 0.625452 -0.729769
-3.29342 0.548096 -0.729769
-3.22415 0.480619 -0.729769
-3.38984 0.624277 -0.710502
-3.44531 0.6715 -0.691235
-3.48261 0.701446 -0.671968
-3.51024 0.722126 -0.6527
-3.5314 0.736759 -0.633433
-3.60583 0.793071 -0.633433
-3.63595 0.811831 -0.61589
-3.67669 0.837125 -0.598347
-3.73619 0.874106 -0.580804
-3.67999 0.834714 -0.580804
-3.62341 0.795847 -0.580804
-3.56648 0.757508 -0.580804
-3.57468 0.761496 -0.560078
-3.65516 0.813374 -0.560078
-3.73496 0.866292 -0.560078
-3.81407 0.920242 -0.560078
-3.89247 0.975214 -0.560078
-3.97015 1.0312 -0.560078
-4.04709 1.08819 -0.560078
-4.12329 1.14618 -0.560078
-4.19873 1.20514 -0.560078
-4.2734 1.26509 -0.560078
-4.34729 1.32599 -0.560078
-4.42037 1.38785 -0.560078
-4.49265 1.45066 -0.560078
-4.56411 1.5144 -0.560078
-4.63473 1.57906 -0.560078
-4.70451 1.64463 -0.560078
-4.77343 1.7111 -0.560078
-4.84148 1.77846 -0.560078
-4.90865 1.8467 -0.560078
-4.97493 1.9158 -0.560078
-4.97493 1.9158 -0.560078
-5.03535 1.88384 -0.528277
-5.09472 1.84996 -0.496476
-5.15299 1.81422 -0.464674
-5.21009 1.77664 -0.432873
-5.26597 1.73727 -0.401072
-5.32057 1.69614 -0.36927
-5.37383 1.65329 -0.337469
-5.42571 1.60877 -0.305668
-5.47614 1.56263 -0.273866
-5.52508 1.5149 -0.242065
-5.57247 1.46564 -0.210263
-5.61828 1.4149 -0.178462
-5.66245 1.36273 -0.146661
-5.70494 1.30918 -0.114859
-5.7457 1.25431 -0.0830584
-5.7847 1.19817 -0.051257
-5.8219 1.14082 -0.0194556
-5.85725 1.08231 0.0123457
-5.93216 1.0959 0.0123457
-6.00817 1.10027 0.0123457
-6.08414 1.09537 0.0123457
-6.09585 1.0429 0.0384263
-6.10619 0.990134 0.0645069
-6.11515 0.937121 0.0905875
-6.12273 0.883892 0.116669
-6.21933 0.872368 0.116669
-6.31609 0.862118 0.116669
-6.41296 0.853146 0.116669
-6.50995 0.845453 0.116669
-6.60704 0.83904 0.116669
-6.70419 0.833909 0.116669
-6.80141 0.830059 0.116669
-6.89867 0.827492 0.116669
-6.99595 0.826209 0.116669
-7.09325 0.826209 0.116669
-7.19053 0.827492 0.116669
-7.28779 0.830059 0.116669
-7.38501 0.833909 0.116669
-7.48217 0.83904 0.116669
-7.57925 0.845453 0.116669
-7.67624 0.853146 0.116669
-7.77312 0.862118 0.116669
-7.86987 0.872368 0.116669
-7.96648 0.883892 0.116669
-8.08009 0.887786 0.116669
-8.19254 0.871034 0.116669
-8.30008 0.834192 0.116669
-8.39918 0.778478 0.116669
-8.48654 0.705736 0.116669
-8.55928 0.618372 0.116669
-8.615 0.519277 0.116669
-8.65184 0.411729 0.116669
-8.66859 0.299286 0.116669
-8.6647 0.185669 0.116669
-8.6647 0.185669 0.116669
-8.65577 0.247467 0.0863795
-8.64844 0.187241 0.0863795
-8.6416 0.126957 0.0863795
-8.72655 0.119564 0.0872308
-8.81149 0.1121 0.088082
-8.89643 0.104562 0.0889333
-8.98136 0.0969522 0.0897846
-9.06628 0.0892704 0.0906359
-9.1512 0.0815163 0.0914872
-9.23611 0.0736898 0.0923385
-9.32101 0.0657911 0.0931898
-9.40591 0.0578201 0.094041
-9.4908 0.0497769 0.0948923
-9.57568 0.0416614 0.0957436
-9.66056 0.0334736 0.0965949
-9.74543 0.0252136 0.0974462
-9.83029 0.0168813 0.0982975
-9.91515 0.00847675 0.0991488
-9.99999 1.8147e-09 0.1
