20
3.1691020788337311842042 0.99983087950923776876522 0.99999949997751003127888 -0.0010000223647441950670933
3.1604244000145889081921 1.0534747729391986670322 0.94868329831562270282319 0.31622776522151146982864
-3.1604243686515625100242 1.0534747932641710388424 -0.94868329628193359681632 0.31622777132257878784927
-3.1691020478209499522393 0.99983090514617445343504 -0.99999950001502380114715 -0.00099998485091862374281313
-3.1689476127330635790713 -0.83113687200726171777632 -0.99999965447623284653389 0.00083129261667308203351962
-3.1689476127330635790713 -0.83113687200726171777632 -0.0013312793287534410192896 0.99999911384728168428637
-5.8312210954947545360483 -0.83113665226778510319861 0.0013314444051133026997863 0.99999911362750493193374
-5.8312210954947545360483 -0.83113665226778510319861 0.99999832293630508406324 0.0018314269238805416621652
-5.8312210242643232049886 2.8311366779236397661634 0.99999832286506251666225 -0.0018314658232770277164481
-5.8312210242643232049886 2.8311366779236397661634 0.0013314369092967627463547 -0.99999911363748528181361
-3.0002536192536806147757 2.8308980662281126861046 -0.0015000092885731630427265 -0.99999887498543416075591
-2.880426705034197176758 2.8804267412692112770856 0.70710677632375085188698 -0.70710678604934418256533
2.8804267784894719284239 2.8804267243879286830577 -0.70710678046788288941826 -0.70710678190521203401175
3.0002536933429477805646 2.8308980486459485170769 0.0015000088936100819218822 -0.99999887498602668678416
5.8312210278751308578649 2.8311366593284730264202 -0.0013314372257945859216038 -0.99999911363706384115346
5.8312210278751308578649 2.8311366593284730264202 -0.9999983228649023114798 -0.0018314659107345264248135
5.831221099441428634691 -0.83113666423400900384877 -0.99999832293648072134573 0.0018314268276868144163377
5.831221099441428634691 -0.83113666423400900384877 -0.0013314367100898695777528 0.9999991136377506251165
3.1689475750109110663288 -0.83113686338390380115015 0.0013312871013202883224008 0.99999911383693418365226
3.1689475750109110663288 -0.83113686338390380115015 0.9999996545074637532835 0.00083125504691237929108527

20
3.0000000370013402140046 0.99999998541755075187609 0.16910212638725707900988 0 1
1.2294017445235400505423e-08 -2.0023731094541143787768e-08 3.3313798117157453759773 1 2
-3.0000000059822156117662 1.0000000047108197342993 0.16910212638725707900988 2 3
-1002.9994904514643394577 1.5163361597539165145031e-05 -999.83088830406609304191 3 4
-3.1689476127330635790713 -0.83113687200726171777632 0 4 5
-4.500001829890704740933 998.99888293809181050165 -999.83090581297392418492 5 6
-5.8312210954947545360483 -0.83113665226778510319861 0 6 7
993.9979961721217023296 0.99998056641874411010207 -999.83089404770976216241 7 8
-5.8312210242643232049886 2.8311366779236397661634 0 8 9
-4.5000092587422280132614 -996.99887876682191745203 -999.83090165737769439147 9 10
-2.9999999644933823539361 3.0000000023730142295619 0.16910212638725707900988 10 11
2.8286996009428078057954e-08 -3.166956261177903329122e-08 -4.0735385796987211293185 11 12
3.0000000386494383164404 2.9999999847909504246957 0.16910212638725707900988 12 13
4.5000089421593214566997 -996.99888160105626866425 -999.83090447344068252278 13 14
5.8312210278751308578649 2.8311366593284730264202 0 14 15
-993.99799674325277010212 0.99998045932795276424798 -999.83089462261284552369 15 16
5.831221099441428634691 -0.83113666423400900384877 0 16 17
4.5000095454913733306057 998.99886946841468216007 -999.83089234500721431687 17 18
3.1689475750109110663288 -0.83113686338390380115015 0 18 19
1002.9995022757095739507 -2.2381587894146224632834e-05 -999.83090013481194091582 19 0

8
-0.26349379569134073753034 1.0933532640186094386792 -0.012095372068518527725045 0.99992684831167732983914
-0.35371921166558967231097 1.0278858368915551046996 -0.94685231600816111008356 0.32166860535336883053503
-0.32823406321460218970643 -1.0363054306369823276412 -0.93862206886842458608555 -0.34494725949506876983008
-0.23641983773897276566167 -1.0995253396405937351687 0.012595322473716807909483 -0.99992067577972554293098
0.26349378384280919274119 -1.093353264697814575257 0.012095360597939697200331 -0.99992684845042822949779
0.35292479399353060554034 -0.96354216631587907837542 0.93862206972148187755778 0.34494725717384927543563
0.32902846908902488864967 0.97196176368630182729191 0.94685231361749411238549 -0.32166861239045163589623
0.23641983572303290617178 1.0995253448207342739096 -0.012595333953654320666149 0.99992067563512054828578

8
-0.26232631575624026920579 0.99683746232528025466024 0.096522862503682901880175 0 1
2.5782306344239436235455 0.031831645532830521450052 3.0965228647803844097552 1 2
-0.23763557431829288035807 -1.0030101337377177461718 0.096522862503682901880175 2 3
12.357686988984859510765 -1000.9236930255667630263 -999.90348425016395594866 3 4
0.26232630501488174434854 -0.99683746299109310395892 0.096522862503682901880175 4 5
3.0781925046469025275542 0.038004305027251501780672 -2.9034771273405524105726 5 6
0.23763557341042942927523 1.0030101389318157867336 0.096522862503682901880175 6 7
-12.357698481792091627085 1000.9236938357795452248 -999.90348519986287101347 7 0

510
0.9999835224181435888724 0.0057406351741634553675908 -3.5200384694701720711407 2.0793131201344445813106
0.99995868367736528981027 0.0090901561169933146194788 3.4939786405995834073224 0.17407221443542686412087
0.9997957693955215052739 0.020209391351991623508866 3.4827399419224889243196 0.23551962995676167800241
0.99971278577571187629047 0.023965515987891882615513 3.4789367695223702980911 0.2573613481610599884597
0.9996769541824410687525 0.025416279753693510334855 3.4739898062278125046021 0.27399255093411056805053
0.99963876638178417177727 0.026876323161935888883534 3.4759874852541572387565 0.27429691368277642204987
0.99963203520889543085559 0.027125526430314541442845 3.4757359322831895553918 0.27434938180969903331885
0.99957054219492291746718 0.029304115344915195734421 3.4779637619899617106967 0.27479995590063960309024
0.99954466772854566603002 0.030173783578327145749043 3.472646440128471567732 0.29052330872078663270841
0.99944756262068457086656 0.033235065391441387383509 3.4811730627490531375656 0.27560192879639089369448
0.97643914400113307472395 0.2157929518365575283223 3.2630929964408386112495 1.7040955595402351718803
0.96484412197796798338345 0.26282279255149182395357 -3.7863987736294029140538 1.7050647804571781307459
0.96345691903573094094781 0.2678633329931093265408 3.2256346299465561422437 1.7046254506181583998625
0.96143603130996002636977 0.27502864886944788924694 -5.7837073917490897656535 1.7049272277016653820425
0.94743985068841241048432 0.31993394525670260097883 -5.8304499023333153928661 3.8572793624026049386089
0.947439840590153070643 0.31993397516129096214144 5.1672378241186027736376 0.02955653573648220344694
0.94735606612176948004844 0.32018195449195135937615 5.1674576030830792205961 0.291085867164099454385
0.94717351597646926020246 0.32072157805918388717714 3.1690200200944795838609 2.0259738504473117082227
0.94711938958482810857475 0.32088138286984319025308 -3.8337913653442914352354 0.028891824605472737896861
0.94707155665048270432038 0.32102253282851050952829 3.1684267219061839071514 1.7082706706642625249515
0.94703518464596703196889 0.32112981649572747144816 -3.8338333163225031263721 0.2909890743749201647006
0.94690068464811127935121 0.3215261939763831011696 5.1674573863325852229877 1.7091804887314197003434
0.94661566028166088671014 0.32236437723407912470108 3.167009794864346083898 0.2913326738320165532059
0.94658459782960402417729 0.32245557702072197292509 3.1669863647468177170197 0.19500423665736354994493
0.94657839440190449931123 0.32247378692153161328093 -3.8352529632296210593267 1.7092806989653581695165
0.94653017886385937273985 0.3226152824959642728686 -3.8355196361487338130303 1.8586406467950218335261
0.94629273563372706679075 0.32331108624177706811764 -5.8342814697155613856694 0.29123406377811988932081
0.94626161312855527896204 0.32340216375179769991988 -5.8342086230295180371286 0.19500197297662252848838
0.94626160292365180115581 0.32340219361092986671835 5.1640895852271109234266 3.6893919899929015215889
0.92914570542418428722442 0.36971375155895325193001 3.1504270445571083136826 1.7145755967874152236874
0.91476254085593267095788 0.40399194774995034196152 3.8946746131501002174957 0.2781061264842037417111
0.90762057578223565013076 0.41979148444998665157257 3.0175469841139737070534 1.8020647281030244268862
0.8907752053650226375936 0.4544442028532238997407 3.0636820949171275074718 1.8036299039962904178225
0.8739352904987012227167 0.48604229036263008056906 -3.9793862503383867768036 1.7434041376305913217948
0.8736755023889303251039 0.48650911247935618719751 3.9797834688034900985087 0.25644602104165414857562
0.84256704244755509236597 0.53859147689244046830481 2.9179422625287276815698 2.036559992391345996765
0.83865527817139973176808 0.54466257847887133980436 2.9049862669883386168124 2.0546089332681471972819
0.83264776747311497473447 0.5538029390695197173855 -4.0224709335923467534712 1.7687354058331266060122
0.82441760347428449939855 0.565981991835179942818 2.8839319573529640372556 2.0333045519881483009783
0.8222556505145860450412 0.56911830509731065053103 2.8765597903131543411348 2.0439714910717978746391
0.79654242946228548394316 0.60458263129726119711194 2.8348783355352260571181 2.0266084551438856564687
0.77060221772528714190287 0.63731642222436857281309 2.6573578791792953346373 2.358532666618938566927
0.77018007049627812410364 0.63782651168664072915959 2.9516574550780934060867 2.0981527757692712832238
0.75826420662117233195687 0.65194738511413974357822 -1.9633765099588484925874 2.2273315507798527868033
0.75630758634092409842253 0.65421619885414483697161 -1.9732600277225291751648 2.2189247718381319707248
0.71595693322603815023086 0.69814444763642324875974 -2.2820656161099566183736 1.9281587540672455727275
0.71560777153311450060613 0.69850233880883316750499 -1.9281586930299199345029 2.2820656722961438767072
0.65614744141861780502012 0.75463271537868159555273 2.3585326979903871169597 2.6573578436775142641579
0.51445591280917946086504 0.85751683002473744199534 -3.9503596659626829534773 2.0157013162834118702449
0.44207164037973117887148 0.89697974602104246777401 1.8020647694410258932152 3.017546933783107121485
0.43170233229889581894057 0.90201612861838242896084 -3.912560703719292654057 2.0881240401491822922253
0.34635481324613986986449 0.93810358881161504118751 -2.1417772233338761012078 2.1640511396620434325655
0.34619667452533481322163 0.93816195965707271930967 -4.8050810984935283798336 -0.8336111296667402248417
0.34619667011004690015952 0.9381619612863844048789 6.689809823471679628426 2.1644344575185816559326
0.34619652694876473786323 0.93816201411515975916444 4.1950875724016958301377 -0.83361117936683115647867
0.34610637648816333644675 0.9381952761308459676215 -4.7088489832976847537793 -0.83363586192257532747618
0.3461061385214748153949 0.9381953639182801785168 4.2914160092495308163052 -0.83363591658393787486858
0.34471069094912748509429 0.93870897489337745689397 -3.8923496769024121810787 2.1666493152246482090106
0.34433667813905100008043 0.93884623452840465507307 4.7095968857561842924042 2.1668120944195807808796
0.34394302815595062527976 0.93899051826038970602895 -4.7093305254763322409417 2.166812168495326318407
0.34369738333896759918673 0.93908045911196902366669 -2.1428046646043856782171 -0.83087901573134792521103
0.34369723768037657718466 0.93908051242206003195179 -4.9708599302754556958917 2.1667231517425924458564
0.34369723554509479246377 0.93908051320355900859482 6.8573640475295123408728 -0.8308786464620330214359
0.3435389299735405188585 0.93913843686255060738688 3.8607267767259241253441 2.1666295648267452911284
0.32815166968838582750578 0.94462504819675641165588 -4.1214819866564367245587 1.6376139697463323319226
0.32767931617093054574852 0.94478900594458203876513 -4.2797539788973892882495 1.1627980018472572343313
0.29920362248870258081723 0.95418928535675684443618 -4.2951310516271874462291 -0.78310821326601853797911
0.29915873667724313111904 0.95420335897002384051291 4.7050355346959467084389 -0.7830599054133813297085
0.25412280471516934809983 0.96717195995525861995645 3.6292990302031800098348 2.2360601904510524207126
0.014426621893339819369118 0.99989593087518180425377 -4.7352208508707995804343 2.578879007852874050144
0.014426594381395950461577 0.99989593127212694767536 4.7352209138982868097401 -0.57887902626055998123178
0.014334805900547554005642 0.99989725139125873454304 4.7353616419030730710915 -0.48719733429879852337763
0.01433035609324526636621 0.99989731517503410707093 4.7353682503474807674593 -0.48275270675532055975054
0.014161327881674169032467 0.99989972336861288049192 -4.7356046129066768912708 2.3138939409330987473368
0.013926672161101667779537 0.99990301919862045743059 -4.7343042022983565786376 3.079378135454160947404
0.013926644639533440270251 0.99990301958194116593859 4.7343042848221346119431 -1.0793781638132560196652
0.013926605741145365452427 0.99990302012371734541318 -4.7350949186571256177558 2.5793788444631657874595
0.013926578219595774077444 0.99990302050703572245283 4.7350949816966476646485 -0.57937886288624351749377
0.013833786781750956329518 0.99990430859321610679302 4.7352372463379310829623 -0.48669604838171726113316
0.013830339251093578742391 0.99990435628423990355174 4.7352423662549085747742 -0.48325255549960538514753
0.013660811772765657154394 0.99990668675717409019654 -4.7354794679521887701412 2.3138963022013476766858
0.013595259214522157145688 0.9999075801927346240916 4.2653116115768359151161 0.74848455964075311097616
0.013426556276581321294761 0.9999098597306415037167 -4.2651995418138133331354 -0.57997550831213950939258
0.013332764070993673166665 0.99991111475082006254667 4.7353631339330624072659 -0.48619501645407581236213
0.013332664857824612705817 0.99991111607371863101434 -4.2651494838004673226806 -0.48619453189581918195472
0.013330318332646789308837 0.99991114735917951961142 4.7353667660649092496783 -0.48375215887881495291367
0.01333022032626023610502 0.99991114866574715147607 -4.2651482981245036896212 -0.48375287728941884779488
0.013160291202718487138523 0.99991339961791703139227 -4.7356046076483018225645 2.3138979557432435285591
0.013095303761545979900904 0.99991425283340817919964 4.2658121227257153051937 1.2489842763867720076831
0.013095303760333217371614 0.99991425283342405538889 4.2654372111169065462377 0.74911724682277847087164
0.013095237342138311628648 0.99991425370326303401214 4.2654371281602720955561 0.74898450078233758109292
0.012926599695494686570463 0.99991644801968926348223 -4.2656156037404331371476 -1.0804753123004418036146
0.012926533272743472371968 0.9999164488783793824922 -4.2653249740490082331235 -0.58047547063878712769736
0.012831638916082160895016 0.99991767113234275576872 -4.2652743817105260859535 -0.48569337090282427293886
0.012830196689914379407083 0.99991768963895133470743 -4.2652736821904113639903 -0.48425285169826348674604
0.012676518719795448406074 0.99991964970848890015276 -4.8310098295429400039325 -0.48494507705987643930712
0.012676361414999814600235 0.99991965170271401852631 4.1691587865020460768051 -0.48494513082522416880238
0.012580278158691747536491 0.99992086516956457664662 -4.7348112727195266202784 -0.48497230652554890184547
0.012580024522275575632468 0.9999208683606014558265 4.2654536313885449416716 -0.4849723677582460368285
0.012360563386170380154039 0.99992360531831470105146 4.2651487558050185100456 -0.48475257389145554043353
0.012360122965591233135108 0.99992361076248004181366 4.2651489694031221588943 -0.48519247065860326983966
0.012330609885695387878402 0.99992397514003394931592 -4.2651489964532034449007 -0.4851924644653990981169
0.012330169477571156430584 0.99992398057085052354154 -4.2651487828443421790325 -0.48475258030640588913229
0.012110713961753586873082 0.99992666261448259756861 -4.2654536568666445717213 -0.48497236787187603113125
0.012110460279492224477949 0.99992666568694887896385 4.7348112852718626797355 -0.4849723100384721874434
0.012014376400388370250139 0.99992782477522368367318 -4.1691588148491769416637 -0.48494513168566300009843
0.012014219043745515483335 0.99992782666588952977804 4.8310098428445256146802 -0.4849450813135831594991
0.011860533287060718438122 0.99992966140131445129668 4.2652736551431758016406 -0.48425284529461531946026
0.01185909103101948774972 0.99992967850740299695644 4.2652743546156557385984 -0.48569337708158766275801
0.01176419543437974904454 0.99993079945853358125873 4.2653249433853375194303 -0.5804754671057098525111
0.011764129013873135184975 0.99993080023996883110016 4.2656155542895799470671 -1.0804752988762225118791
0.011595488552483962374495 0.99993277006268255213683 -4.2654371088611355844478 0.74898452155450823131133
0.011595422132902682976763 0.99993277083289955342593 -4.2654371918126230411872 0.74911726759816876786147
0.011595422128421139368326 0.99993277083295117879658 -4.2658120846738620812744 1.2489843070746722286657
0.011530395795877433975929 0.9999335227767848222058 4.7356046089509753471702 2.313897937356330203329
0.01136050058939130566471 0.99993546743095329532025 4.265148271081520725545 -0.48375287089459106937284
0.011360364895611381463869 0.99993546897259266703628 -4.7353667645155743670671 -0.4837521114486094120366
0.011358055985756376413121 0.99993549520167779309787 4.2651494566716285916641 -0.4861945380586689680058
0.011357919009674550397948 0.99993549675755089012341 -4.7353631322527478531015 -0.48619505694313147614594
0.011264162179765313184787 0.99993655731270669750899 4.2651995111540186300658 -0.57997550478812454066713
0.011095454320675728412948 0.9999384435521107006295 -4.2653115922702129481081 0.74848458039421750243037
0.011029862050079721272344 0.99993916922138659231223 4.7354794692708992442931 2.3138962837472454303622
0.010860328737087601713718 0.99994102489082958840072 -4.7352423647309365151159 -0.48325250808199066154813
0.010856880991846746403739 0.99994106233074031564456 -4.7352372446829349428299 -0.48669608886430254512945
0.010764086126423291073229 0.99994206554673115139309 -4.7350949801682418183191 -0.57937881472048491371396
0.010764058621585902500439 0.99994206584281242200518 4.7350949200256877702486 2.5793787797746245971098
0.010764019703190944379778 0.99994206626175552443669 -4.734304283259027634756 -1.0793781057418114777136
0.010763992198713434600421 0.99994206655783079984445 4.7343042036096045777072 3.0793780806704504904303
0.010529326578826381233256 0.99994456510438456398049 4.7356046142506800222804 2.3138939224120349535951
0.010360290480569068344296 0.9999463307503851927649 -4.7353682488393298299911 -0.48275265934859135086299
0.010355840366899665000444 0.99994637684742659899939 -4.7353616402636191651254 -0.4871973747729612114199
0.010264047361086426485288 0.99994732327846613806344 -4.7352209123856878747461 -0.57887897810491018013579
0.010264019847034573651445 0.99994732356088600333521 4.735220852264504287632 2.5788789431536121021793
-0.23016698007211491838753 0.97315115027650411771987 -3.6292989938333710675522 2.2360601989258173105668
-0.2755093550839425864396 0.96129839033529562719593 -4.7050355439885667152566 -0.78305989768858808020013
-0.27555457632365898401616 0.96128542871880084952352 4.2951310005867364694154 -0.78310821075439207561431
-0.30425370863289158407383 0.9525910354308041450011 4.2797539942116982203402 1.1627980172325385055387
-0.30472996608409758101388 0.95243878951373284191817 4.1214820081404734963826 1.6376139767361395094269
-0.3202479562025831172356 0.94733375668138652958561 -3.8607267159502538511617 2.1666295781564688383014
-0.3204076458173762409487 0.9472797583088994333167 4.9708599206255197344717 2.1667231288252324361565
-0.32040764605680649435016 0.94727975822791432580772 -6.8573640372727808767195 -0.8308786243789828551698
-0.32040779506763400474867 0.94727970782651993442158 2.1428046331926351442121 -0.83087899691125133294634
-0.32065558320687403970339 0.94719585987179000241554 4.7093305344772602438752 2.1668121456540783142941
-0.32105267541267784592307 0.94706133888484855809509 -4.7095968950948758902086 2.1668121080558258029214
-0.32142996295222586722318 0.94693335505542908236976 3.8923497220434768451014 2.1666492926719822520454
-0.32283766801541990965063 0.94645435183656168032229 -4.2914160378181236410455 -0.83363591424658489703603
-0.32283790814445240124897 0.94645426992798464826961 4.7088489927780869948037 -0.83363586301385073085157
-0.3229288522554377149909 0.94642324378735831480469 -4.1950876038406175183582 -0.83361117777702675724072
-0.32292899435956123888047 0.9464231953000320496372 -6.6898098331100595004273 2.1644344717562584712311
-0.32292900120492068483102 0.9464231929643271978847 4.8050811087232974117001 -0.83361113149902965613336
-0.32308853036664053615112 0.94636874501724987940321 2.1417772841223636781649 2.1640511177875167980744
-0.40930101673686714036648 0.91239940689270904172758 3.9125607520786203075147 2.088123994963552831905
-0.41979147728579413456629 0.90762057909580839965002 -1.8020647076669515929126 3.0175469383817934421188
-0.49312800741041140639709 0.86995676232065555222306 3.9503597073679914686295 2.0157012725101139949402
-0.63731647744085406781522 0.77060217205921621719256 -2.3585328054555381172008 2.6573577051806172022452
-0.69814444506794903766433 0.7159569357306104775418 1.9281587868395639873142 2.2820656338201086299478
-0.69850233624835988965884 0.71560777403238373661765 2.282065714871423622867 1.9281587065201362118927
-0.73992522726891385431713 0.67268912437399086545753 1.9732601236845530578989 2.2189247333566335385058
-0.74193726551160932292106 0.67046930880179433920318 1.9633766058477255533887 2.2273315125943891068516
-0.75419813758990161822737 0.65664691368796079817827 -2.9516574445644585544812 2.0981527000434572194365
-0.75463268012640571935634 0.65614748196212580033659 -2.6573577520089757264543 2.3585327491396563814874
-0.78137317670642358891087 0.6240640662013096084948 -2.8348782938052417001984 2.0266084786518612226303
-0.80795413360163659266533 0.58924538012277127840832 -2.8765597487065370785331 2.0439715150227044659914
-0.810192859550136090796 0.58616339900574965238178 -2.8839319158357410444182 2.0333045760011816405211
-0.81872120116611413198626 0.57419125277307714316777 4.0224709556580720004604 1.7687353753958632296417
-0.82495253409064495109249 0.56520201388302182543555 -2.9049862045021788148347 2.0546089500152806550659
-0.82901299341396939013293 0.55922934181855143975781 -2.9179421964258760446853 2.0365600147877200853941
-0.8613978566203520648159 0.50793083447440312561127 -3.979783412511068263484 0.25644603500450102728792
-0.8616690765148518060812 0.50747059282094664212082 3.9793862661170278371969 1.7434041043862862352398
-0.87928396608931047584434 0.47629791830140588704268 -3.0636820454289357407163 1.8036299103028046175723
-0.89697974253160384083827 0.44207164745993160481774 -3.0175469229412947846924 1.8020647333031061254616
-0.90450962147606628338536 0.42645321508604377980234 -3.8946745570842118411292 0.2781061361530419162591
-0.91973466845317353168809 0.39254062164995268124912 -3.1504269945405152242301 1.71457560433851585735
-0.93798873555596196105455 0.34666573521207427743818 -5.1640895863273419408301 3.6893919956104075374981
-0.93798874993172542957609 0.34666569631493493464092 5.8342086291182200241678 0.19500196731187202647817
-0.93802211154945414062212 0.34657541494500765377751 5.8342814757952456972134 0.29123405886338105119648
-0.93827664456212855892403 0.3458857300745921681262 3.8355196947538590102056 1.8586405831184849013482
-0.93832833875973342685484 0.34574546805475209199088 3.8352530162972793270626 1.70928067168694042266
-0.93833499329721814508076 0.34572740758277936690135 -3.1669863616823210605844 0.19500423426340557364611
-0.93836829790157227915159 0.34563700249438944478442 -3.167009788181932350426 0.29133266856871387062711
-0.93867393876998472812545 0.34480608561051123706065 -5.1674573872339371050089 1.7091804940311021709931
-0.93881817089676666832077 0.34441318498868506159383 3.8338333161610913535355 0.29098908029345693648793
-0.93885718396085526826766 0.34430682265254769491847 -3.1684266620465693087283 1.7082706778791703072784
-0.9389084837318792953198 0.3441669059864752022726 3.8337913553325262405735 0.028891795202809433806834
-0.93896654245608845990034 0.34400847685494373440207 -3.1690199483642444988618 2.0259738823885040659434
-0.93916236917348783208581 0.34347349872798266234852 -5.1674576038450945603131 0.29108588013838243568898
-0.93925224043778787752501 0.34322766326826920080251 -5.1672378248426920066549 0.029556534713649884604791
-0.93925225466798056839224 0.34322762432693953993379 5.8304499080717935299845 3.8572793501166939833524
-0.95435282852184788460193 0.29868156737962425761879 5.7837073995106038637459 1.7049271954774103399188
-0.95654999475768276440135 0.29156835824395804790399 -3.2256345757100128857076 1.7046254558803297651792
-0.95806121213300921013456 0.28656362959424841463374 3.7863988366285363795782 1.7050647510198473355558
-0.9708138233846959064266 0.23983436018466761097123 -3.2630929449061851777003 1.7040955634973329324566
-0.99832237957403158201686 0.05790014198293194636058 -3.4811730374900111684155 0.27560192704009978115209
-0.99849502998554195976055 0.054842274699102161461539 -3.4726463918623835525068 0.29052359502887953324191
-0.9985423722505866184207 0.053973426981905846255838 -3.4779637371490572661514 0.27479995420087582891355
-0.99865763179573863173033 0.051797050650853410092012 -3.4757359384954060743667 0.2743493863804569721232
-0.99867051328399703002958 0.051548093049872206750095 -3.4759874879119783130932 0.27429691900296110373958
-0.99874473794992713049368 0.050089404242135024403204 -3.4739897820443474962815 0.27399254928587879476254
-0.99881637271146850309833 0.048640041154432163417187 -3.4789367317118413680532 0.25736158974376088792724
-0.99899206590377520598167 0.044887105735475218981634 -3.482739909531574085122 0.23551984543700682506184
-0.99942945364943525099477 0.033775245047104884843492 -3.4939786480000436519333 0.17407222298433377982718
-0.99953698115534117540903 0.030427344656863336558317 3.520038507180234255145 2.0793130836634206026758
-0.99990065759187263250141 0.01409521008500919797557 -3.2521480091899439557324 1.7348143381557092901346
-0.99990301944599746519771 0.013926654399999424324696 5.5795114107973970973831 1.7350104844302387530064
-0.99990301950590287916043 0.013926650098893426921176 -5.5795114811884181094115 0.26498951850547020070437
-0.99990302169660749687097 0.013926492810215915577055 3.42065701689261381091 0.26498934698442111468353
-0.99990429367045818853654 0.013834865354685301971904 5.4878297430379348043061 1.7351053723868019584842
-0.99990431747205510415455 0.013833145005528102097769 -3.513906796959076928033 1.7351070886414863281288
-0.99990435523046350407839 0.013830415436699612652394 5.4833850334466092135699 1.7351097586385619830907
-0.99990667934643584491283 0.013661354192906446577971 -5.3145262212646571242658 0.26473825485886531838631
-0.99990669643313279113528 0.013660103520076259664418 3.6867343746853293851018 0.26473723512358965370694
-0.99990758020895664781591 0.013595258021409978646532 -2.7516485953367624262 1.7340635835502358208515
-0.99990758020897119173753 0.013595258020340426213801 -3.2515153848722651019898 1.7346884222881260306792
-0.99990758111201893942876 0.013595191602587625157028 -3.2516481308571023589593 1.7346885716161182244832
-0.9999098577849483415747 0.013426701176542666857361 6.0800109440957124107285 1.7343441001382957633581
-0.99990985784257668811392 0.013426696884836643308692 -6.0800110045662760782648 0.26565590637461994338864
-0.99990985867680348686548 0.013426634758387019641379 5.5800113103230533084798 1.7348848021582625733572
-0.99990985873442406184353 0.013426630467254759351836 -5.5800113807020226275313 0.26511520077320938071352
-0.99990985995463665947369 0.013426539595083440345458 2.9201574934099361335882 0.26565565612302743936368
-0.9999098608465203374962 0.013426473174019586467876 3.4201571173554312643716 0.26511502917423968028743
-0.99991110036688723994303 0.013333842772460887185493 5.4873285193824070660185 1.7349807261996943452687
-0.99991112330647602401967 0.013332122410998809708405 -3.514408020400644705461 1.7349824415921375475591
-0.99991114633523192622988 0.013330395139025622702755 5.4838849450665145823791 1.734984124481741218915
-0.99991318668288864390803 0.013176459982524139913362 5.4855296561549380385259 0.16924756661073775410031
-0.99991339246499333359708 0.013160834667626745281277 -5.31452864506290012514 0.26486339861617125279736
-0.99991340894442948261656 0.013159582559115170358188 3.6867333729573572576044 0.26486237772058984774048
-0.9999144502624829344839 0.013080220039332601453252 5.4856049832629878437729 0.26544609854503270485182
-0.99991765601720128398 0.012832816723786196269619 5.4868274245674797384709 1.7351063632677101722379
-0.99991767809799503297086 0.012831096099513512182044 -3.5149093658454830801929 1.7351080780448306928321
-0.9999176874037301043785 0.012830370890061944949556 5.484384486172473316401 1.7351087740725510411011
-0.9999198550535356444513 0.012660310806486401238868 -5.3145302359953348059207 0.26473825810982648532033
-0.99991987092109047008393 0.012659057514298842697653 3.6867329529969765644637 0.26473723625777367818301
-0.99992763223101555070116 0.0120303907199714611026 -5.3145302071588957915083 1.7352617612920391287901
-0.99992862090790779472371 0.01194793242406835646896 3.6031281600567752754216 1.7351911784132656446644
-0.99992966090090196207285 0.011860575475401275574727 -3.5158799835779745990294 0.26489097109923986916868
-0.99992966390702020529346 0.011860322035846937796522 5.4843845184070687537314 0.26489121885029220937469
-0.99992969291470978898673 0.011857876179750322098716 5.4868274497846414305968 0.2648936296468625828382
-0.9999305093335367766727 0.011788829626975364656127 -3.444219958495745359528 0.26496415352743357685128
-0.99993259627243269438424 0.011610465618235718196494 5.4856049545463179129001 1.7345538935392217361198
-0.99993352895658160761627 0.011529859862015422525272 -5.3145286161242308864416 1.7351366208011427261226
-0.99993370912769485858718 0.011514223817998790744266 5.4855296236810318077914 1.8307524216607824474323
-0.99993447946141678084331 0.011447129955842072490668 3.6028589606319081362074 1.735065794834042662842
-0.9999354669557968255944 0.011360542411910264093411 -3.5163797745564737695645 0.26501562054534133494599
-0.99993546983805903227704 0.011360288717309702591352 5.4838849772991622444351 0.26501586841641255887225
-0.99993550900162830874507 0.011356841006859097822912 5.4873285445842574503672 0.26501926668947817233857
-0.9999362904157069742439 0.011287830157982309958742 -3.4437549298855492097005 0.26508978703560615031165
-0.99993655684154014728904 0.01126420400586152989475 -3.420157193286394115006 0.26511502245205065264599
-0.99993655758974864244948 0.011264137586278838432108 -2.92015756933311632082 0.26565564551523529468469
-0.99993655848721318957217 0.01126405791657379869275 -5.5800112716937118051419 1.7348848207118976461061
-0.99993655861426700148797 0.011264046637738826805997 5.5800113463617275755269 0.26511519069043743002112
-0.99993655923542656971392 0.011263991495712773888149 -6.0800109054657118790033 1.7343441188501953487133
-0.99993655936250291915712 0.011263980214787449804503 6.0800109702265476840921 0.26565589244358933651569
-0.99993844308633017536891 0.01109549629742473050853 3.2516482398806432208005 1.734688553979026437446
-0.9999384438233326344303 0.011095429877735955501161 3.2515154938958796826398 1.7346884046511084065401
-0.99993844382333663123319 0.011095429877370343446641 2.7516487043592396943836 1.7340635661104701892299
-0.99993917512144225856474 0.011029327153088212473686 -5.3145261922135205168161 1.7352617645840207050156
-0.99994008782655285916263 0.010946266826014097034436 3.6025318158478008001566 1.7351906427253080966722
-0.99994102295606202002176 0.010860506875127594328401 -3.5168796861972850820166 0.26488998649988737543737
-0.99994102571149612312951 0.010860253175748761297892 5.483385065687059523043 0.26489023424350999214028
-0.99994107403337817441269 0.010855803101320917608552 5.4878297682341781182913 0.26489462048600664889619
-0.99994181972333096020122 0.010786897996831029331033 -3.4433596933200956158316 0.26496506327825991577996
-0.99994206466607105099342 0.010764167935995392136328 -3.4206570928209414361731 0.26498934024343528959022
-0.99994206623880532713855 0.010764021835195165116561 -5.5795113721671052431361 1.735010503001669590617
-0.99994206636013938105378 0.010764010563637297496209 5.5795114468435933474666 0.26498950840243551407838
-0.99994386654567490868573 0.010595459295628923898636 3.2521481182126907860663 1.7348143205359478624672
-0.99998352237547849519217 -0.0057406426061218096545957 -3.4838677310208781001677 0.079640210350581108755819
-0.99368735921772355368375 -0.11218481238967734081591 3.5396597612913756059072 1.7118122546168024200597
-0.97604593886552315495919 -0.21756453117206386860261 -3.261815276576466970937 0.29593488157632918955642
-0.9655424619834974686583 -0.26024556500898721189685 3.7845162855369314236498 0.2950263938155330833979
-0.96143602007999584557751 -0.27502868812678055165932 5.7837074249012516702351 0.29507278405333287052414
-0.94743985306618749842045 -0.31993393821525312192833 -5.1672377825049062849416 1.9704434520606011194133
-0.94743983821237764963996 -0.31993398220274033016963 5.8304500175254139193726 -1.8572793487431284997768
-0.94735607861455550793295 -0.32018191752822722229155 -5.1674575716519814960748 1.7089141428905918473902
-0.94717351836009788801363 -0.3207215710197137692461 3.833800709495360781176 0.13969001617339255050254
-0.94711938720001143110494 -0.32088138990891090784885 -3.1686924130780416142272 -1.8572798144925617425116
-0.94690069719158476146958 -0.32152615703561532312094 -5.1674574102278469922567 0.29081951666472605211311
-0.94658460022611978779139 -0.32245556998562890926863 3.8352202469927032524311 -1.6900590373634576391026
-0.94653017646615611457861 -0.3226152895306528822772 -3.1669676969257936072211 -0.026309849373160443253283
-0.94629272302781508585667 -0.32331112313776505517993 5.8342814458516709663627 1.7087659464630746697367
-0.94626161553210641486089 -0.32340215671910499395381 -5.1640896863075793632447 -1.6893920089417258090236
-0.94626160052010033219005 -0.32340220064362246166212 5.8342085954157649752005 1.8049980342004279254553
-0.90762057474408786017506 -0.41979148669453913989003 2.1556181756330050625081 3.6068025952078022200453
-0.89208498780455847132487 -0.45186765156817854105498 3.9474312216519380491775 0.26669857741131863804185
-0.87393528565683420428201 -0.48604229906861795562634 -3.9793862486830535729609 1.743404136322851627483
-0.87367550723240883225884 -0.48650910378141282164322 3.9797834704641639191891 0.25644601973931457905564
-0.83264776240485416369808 -0.55380294668969565208272 -4.0224709312838458075134 1.7687354052848718310997
-0.79654243395559265472627 -0.60458262537729356989047 4.0636186796675843879711 0.44857257622828689003214
-0.78359734757584942332898 -0.62126902133624339885642 3.4373270008855598689479 1.8007835901458044691736
-0.77018007049627856819285 -0.63782651168664006302578 1.9983550464705139848576 3.3913153252895948952528
-0.76761040015632731048356 -0.64091674464929004884084 1.9719205862542357188261 3.4092282361140653357268
-0.76678209022694510110796 -0.64190749030307880929058 2.0266160570478208846623 3.3656689101335213187838
-0.75826421491648055006607 -0.65194737546606751354972 -1.9633765096896178548036 2.2273315474874979535969
-0.75630759462615326782498 -0.65421618927599345383328 -1.9732600276459002497376 2.2189247683870458871525
-0.71595694124132847058206 -0.6981444394166301803395 -2.2820656219829889010953 1.92815874489621252863
-0.71560777954592658112176 -0.69850233059979704997033 -1.9281586918894950688497 2.2820656701345507499923
-0.65967279270981427075071 -0.75155292997794553855329 3.4092282942958842539838 1.9719205427736627989077
-0.53101903773798364571945 -0.84735988904350811878885 1.9351109640037893466769 3.0540520758730500539002
-0.53036968125301175991382 -0.84776647799236493074915 1.9612301521396966474953 3.0463385376421885375464
-0.5171956642978436935465 -0.85586718878077838734697 1.823340303236428150413 3.1032182903549898611573
-0.51445590450319844677551 -0.85751683500780107038963 -3.9503596607113635741371 2.0157013215354027124704
-0.48245972261360636768046 -0.87591815602577960397923 2.9049237318959404419161 2.6594597753822633023901
-0.44207163371330515655444 -0.89697974930655444136818 3.6068026447479946128283 2.1556181258900668495926
-0.43170232546664044637197 -0.90201613188828011491438 -3.9125606979172751209717 2.0881240448008497878618
-0.35593329214365843071732 -0.93451136512285248869603 3.2106232811938433258092 2.5310298638642860780124
-0.34635481092620251653003 -0.93810358966815299286424 -4.0263931845660332342618 2.833545514933648146183
-0.3461966768454164955493 -0.93816195880092578818221 -6.6898098863048192086467 -0.16443444429380543736485
-0.34619666778996494027609 -0.93816196214253122498405 4.80508103085602655824 2.8336111293603223337811
-0.34619652926884658672435 -0.93816201325901316110389 2.3103586793263044540936 -0.1644347904691550454892
-0.34610636975530595371708 -0.93819527861464113716039 4.7088489187215714082413 2.8336358609245424489131
-0.34442851624457859749384 -0.93881254635713007328235 2.9213534698485541518664 2.8324113856144683687432
-0.34434398816794931086349 -0.9388435534276153848765 2.8313329277683947360345 2.8322651976704942278218
-0.34433668485907575895766 -0.93884623206372941339737 -4.70959692439242871842 -0.16681209541708713617325
-0.34433582156589848111139 -0.93884654868968775431881 4.2913332005322217810317 -0.1668122894355081875517
-0.34394370977408189604674 -0.93899026859006506917638 -4.29140585841474830886 -0.16681230450362463657576
-0.34394302836620233021492 -0.93899051818337653241286 4.7093305785385268791288 -0.16681215458406772889077
-0.34369738566132079782278 -0.93908045826200292616193 -4.0293086020231916322132 -0.16672321024993375093715
-0.34369723786744804661097 -0.93908051235359313313467 4.9708600055849085919135 -0.16672313788140091794787
-0.34369723535802326752631 -0.93908051327202579638964 -6.8573639723523642786063 2.830878659947419606624
-0.34353892765104393491882 -0.93913843771212490718625 1.9741108033292933399139 2.8304670515477119430159
-0.32815165884328900691713 -0.94462505196421597819523 -4.121481987808025770903 1.6376139589170113364247
-0.32767930533286088179423 -0.94478900970352830412935 -4.2797539769106691665002 1.1627980004238833711128
-0.29915873472417547906943 -0.95420335958234325790528 -4.7050354594276937447717 2.7830599174465646683529
-0.2840884015453821742625 -0.9587980914183079628188 3.0095778959661845242124 2.7670661176114208501531
-0.27659905620257740910262 -0.96098541201614684492682 3.1690931427442898815627 2.7590874238508718008234
-0.17556840740703608116924 -0.98446723374653621885244 -3.4989177392860044690792 2.6973199118173023514089
-0.096638155085227619989219 -0.99531958032670275748899 3.4592096469106752287814 2.5707337644331218484695
-0.019750895380221386576913 -0.99980493204008524799065 3.9077269517409169985456 2.4928294240737614018144
-0.01442663337299323993157 -0.99989593070955162801283 -4.7352208485582467645258 2.5788789972108605574874
-0.014426582901742522960231 -0.99989593143775634676018 4.7352209162108396256485 -0.57887903690257347388837
-0.014334844974511616599866 -0.99989725083108260683673 -4.7353615800153301407249 2.4871973875268054143817
-0.014330395088613844672976 -0.99989731461615827257106 -4.7353681887501277714136 2.4827526814797238330357
-0.014161288847296201257042 -0.99989972392144588209106 4.7356046679699002055486 -0.31389392723252740324824
-0.013926683631407144048353 -0.99990301903886169565538 -4.7343041999648036721737 3.0793781347278113003085
-0.013926633169227957062541 -0.99990301974169937260228 4.7343042871556875184069 -1.0793781645396056667607
-0.013926617211212135097331 -0.99990301996396258044086 -4.7350949163367772598576 2.5793788338319751929362
-0.013926566749301476366707 -0.99990302066679315196041 4.7350949840169391791278 -0.57937887351749095543596
-0.013833825855846144936567 -0.99990430805262076052742 -4.7352371844698382119532 2.4866961016047546273455
-0.013830378246592885810307 -0.99990435574486657976934 -4.7352423046380636151298 2.4832525302191332805535
-0.013660772738204452272925 -0.99990668729046683349537 4.7354795230156696561608 -0.31389628844981992683572
-0.013595270694309321418691 -0.99990758003664936826027 4.2653116138982358762632 0.74848454900066607731191
-0.013426544796767980044505 -0.99990985988478964241466 -4.2651995394906183634021 -0.57997551895183485637375
-0.013332803145200251837554 -0.99991111422980583078868 -4.7353630720847057489209 2.4861950696720214182278
-0.013330357328257427459994 -0.99991114683930870654649 -4.7353667044285767673273 2.4837521335935548449925
-0.013160252167993260682954 -0.99991340013166885025697 4.7356046627115748748338 -0.31389794194086562129087
-0.013160153734118039750567 -0.99991340142719087324963 -4.2650804649571760762683 -0.31389810094384529293166
-0.013095315231980321837857 -0.99991425268318634422826 4.2658121250598703966261 1.2489842756623628083901
-0.013095315230569587461318 -0.99991425268320488495277 4.2654372134460345478146 0.7491172361960373171641
-0.013095248812447619901622 -0.99991425355304364153142 4.2654371304894311833777 0.74898449015296619801774
-0.012926588225035159918086 -0.99991644816797553563248 -4.2656156014061554770933 -1.0804753130244573178231
-0.012926521802522657547674 -0.99991644902666199090646 -4.2653249717180869993172 -0.5804754812676518049841
-0.012845335716797452382809 -0.99991749527164652810995 -3.9999920431726994074495 2.4848750966967889652892
-0.012845070043049324620688 -0.99991749868456114569426 -4.0005232267951642555204 2.4848750965981594163168
-0.012676511539678671225406 -0.99991964979951508674105 4.831009764409080808889 2.484945076938231522945
-0.012659629478529230497963 -0.99991986367981844363584 -4.265205607037842128193 -0.31389916528452654898018
-0.012580270981555634682292 -0.99992086525986190181925 4.7348112106456561321011 2.4849723057125174818793
-0.012531631184881342547244 -0.99992147602691605623448 4.2650804494326051141684 -0.31389952259939946088707
-0.012159101264344010506768 -0.99992607539579836384291 -4.2650804653807776745111 -0.31389952270978938031476
-0.012110460066285706065559 -0.99992666568953103567452 -4.734811213794094086893 2.4849723239559011744859
-0.012031102173078888142865 -0.99992762367108412036032 4.2652055910730837240408 -0.31389916514734128583086
-0.012014218835207750302185 -0.99992782666839508110002 -4.8310097675961225505148 2.4849450952117990709667
-0.011845658675456016001304 -0.99992983772389998353702 4.000523294060890577839 2.4848750786203481766279
-0.011845392998458510042115 -0.9999298408712046226654 3.9999921104399138727103 2.4848750787193125688646
-0.011764206914672383982867 -0.99993079932346751181882 4.2653249457231368069188 -0.58047546783650838531088
-0.011764140493926886557596 -0.99993080010490642539622 4.2656155566304612136719 -1.080475309512040515969
-0.011595477072168869706048 -0.99993277019581128239878 -4.2654371065233931403782 0.74898452082393374151792
-0.011595410652588844513389 -0.99993277096602739550946 -4.2654371894749374405365 0.74911726686502766447973
-0.011595410648344760262685 -0.99993277096607624532254 -4.2658120823311866942618 1.2489842964392490198833
-0.011530570932969564854065 -0.99993352075723529459594 4.2650804489679998710017 -0.31389810077757829276379
-0.011530434815445538346279 -0.99993352232684318270373 -4.7356046564504215012903 -0.31389793825269407534506
-0.011360325907811351375809 -0.99993546941553623774723 4.7353667104348904359767 2.4837520788348683709046
-0.011357879958109304979752 -0.99993549720112318013321 4.7353630779821083152115 2.4861950880181211687159
-0.011264173650455518160829 -0.99993655718349061523043 4.2651995134894962191652 -0.57997550550825816007006
-0.011095442849963882761544 -0.99993844367939110906462 -4.2653115899346127903868 0.74848457967447801220118
-0.011029901069686822226434 -0.99993916879097866079462 -4.7354795167702832259238 -0.31389628468565672347879
-0.010860289749206780349211 -0.999941025314274978264 4.7352423106698324772879 2.4832524754715108450398
-0.010856841940200673279904 -0.99994106275474348155541 4.7352371903926950835739 2.4866961199423758266391
-0.010764097606845103929918 -0.99994206542314756358536 -4.7350949778297604098043 -0.57937881544911540299125
-0.01076404714116408443958 -0.9999420659663954547014 4.7350949223638849616691 2.5793787790459941078325
-0.010764031183374038469491 -0.99994206613817526729804 -4.7343042809075104315752 -1.0793781163752829144187
-0.010763980718530335306538 -0.9999420666814105018716 4.7343042059611226690663 3.0793780700369790537252
-0.010529365598454402952466 -0.99994456469351056249195 -4.735604661750004495957 -0.31389392339082178295939
-0.010360251492625106514711 -0.9999463311543325128028 4.7353681947975561072894 2.4827526267430926054658
-0.010355801315190645700559 -0.99994637725186075183359 4.7353615859538145116403 2.4871974058557384523738
-0.010264058831900133364479 -0.99994732316072287847675 -4.7352209100494908611267 -0.578878978822707557228
-0.010264008376220861568084 -0.99994732367862870781039 4.7352208546007013012513 2.5788789424358147250871
-0.0049391592042342391533083 -0.99998780227878558690691 -3.9077268844711898765354 2.492829441962271630473
0.072035400911109576105318 -0.99740207590298102235948 -3.4592095871489445535474 2.5707337803161696143661
0.15120952528564693406743 -0.98850173467874591359816 3.4989178006397358977608 2.6973198919375671600562
0.25278911569308476492424 -0.96752140182380907962312 -3.1690930807570261151795 2.7590874357056236476637
0.26033017465991875605269 -0.96551965291315355877089 -3.0095778565497908196846 2.7670661230259838703205
0.27550936055380553790783 -0.96129838876762574439994 4.7050354766483906132635 2.783059895127280469751
0.30425369769633847649715 -0.95259103892389462853174 4.279753999788019847017 1.1627980078781283701517
0.30472995515827416834753 -0.95243879300941758359045 4.1214820105838745334381 1.6376139767894728471731
0.32024796324324417140517 -0.94733375430127786387402 -1.9741107355486420260604 2.8304670665048541344788
0.3204076390165468968263 -0.94727976060920981993263 -4.9708599834750906154568 -0.16672312794135635272141
0.32040765285763594949486 -0.94727975592760371714718 6.857363969655021485039 2.830878638806684666207
0.32040778802737474029172 -0.94727971020781664979182 4.0293085825160313007132 -0.16672320371912602299247
0.32065557642343028854626 -0.94719586216819906532294 -4.7093305792726596337161 -0.16681214665225296833739
0.32065626373926620074073 -0.94719562948990365658375 4.2914058374162777909078 -0.16681230000272387337112
0.32105180433536995021626 -0.94706163417858058028997 -4.2913331973578578981687 -0.16681228473095710551632
0.321052675178239765863 -0.94706133896432287411216 4.7095969405650066619273 -0.16681209414636111176833
0.32106005872416137902903 -0.94705883591888762040867 -2.8313328633849099702502 2.8322652129679788401972
0.32114532655115624049103 -0.94702992520529760689385 -2.9213533914524378864996 2.8324114009246375012196
0.32283790833741216053099 -0.94645426986216552034392 -4.7088489213734305849357 2.8336358769273237712127
0.32292884522154380322334 -0.94642324618739170905002 -2.3103586988279580793915 -0.16443480113689928900911
0.32292899417102710613037 -0.94642319536436181337535 6.6898099084199680319784 -0.16443445823749369694156
0.32292900139345498411458 -0.94642319289999743414654 -4.8050810335467986078584 2.8336111453929899717252
0.32308853740012949407046 -0.94636874261602965674456 4.0263932523545884478722 2.8335454947075486842323
0.33275277843931022614399 -0.94301409768938204702948 -3.2106232451508742720137 2.5310298666824433411193
0.40930100983162992500652 -0.91239940999038804392285 3.9125607463503735417021 2.0881240105612164370541
0.41979147953034678941719 -0.90762057805766083173893 -3.6068025815752591256569 2.1556181441463038161999
0.46068724068877214827822 -0.88756254217185481802943 -2.9049237291886691458842 2.6594597533160553304299
0.49312800215405955261971 -0.86995676530017629346503 3.9503597037811184478073 2.0157012859831411333289
0.49590763316211933231514 -0.86837527565652472549829 -1.8233402342413840280244 3.1032182976531572649037
0.50927763174222384634504 -0.86060228549953998733457 -1.9612300834249247749597 3.0463385456597209532958
0.50993682850865762468118 -0.86021185235413510916658 -1.9351108952411462116316 3.0540520837331301962081
0.64091670770429343129138 -0.76761043100357195800854 -3.4092282577404073862226 1.9719205772313492808223
0.69814445328774188403997 -0.71595692771531971310139 1.9281587960105972534564 2.2820656279470772354045
0.69850234445739589617119 -0.71560776601957132303511 2.2820657170330163054928 1.9281587076605610775459
0.73992523418947631075326 -0.67268911676170950464382 1.9732601322603082749652 2.2189247292704328273771
0.74193727236942019764854 -0.67046930121298264904084 1.9633766146386260054157 2.2273315083749527509838
0.75070043941136677112524 -0.66064275540384220786194 -2.0266160062516096473928 3.3656689732284732485823
0.75155295677752564920127 -0.65967276217755055345293 -1.9719205482143062901912 3.4092282906726878444204
0.75419813758990117413816 -0.65664691368796124226748 -1.9983550033355239605726 3.3913153832739730830781
0.76802005273777562699422 -0.64042579475897476459778 -3.4373269663135515017416 1.8007836190413055721393
0.78137317516310855758377 -0.62406406813365145058725 -4.0636186436945553879241 0.44857261327832231856405
0.81872120159868011501914 -0.57419125215629485126101 4.022470957381344192072 1.7687353807502290692355
0.86139785664599699543942 -0.50793083443091235906763 -3.9797834106173297641362 0.25644603990383529890096
0.8616690764860609474951 -0.50747059286983242643032 3.9793862680127931596985 1.7434041092821530583024
0.88065697661438535615019 -0.47375446123536391063169 -3.9474311719108636786757 0.26669859305366117041558
0.89697974581711581443244 -0.4420716407935055825007 -2.1556181008027759382628 3.6068026018065451054895
0.93798873641326885319813 -0.34666573289242091915341 -5.8342085939561769691863 1.8049980464941752789088
0.93798874907441864845481 -0.34666569863458829292568 5.1640896949725627607108 -1.689392007936088679898
0.93802209803322933456826 -0.3465754515272818081506 -5.8342814443830048887207 1.7087659587178336551005
0.93827664541750643856233 -0.34588572775422676830459 3.1669676872085936736312 -0.026309881232905216186246
0.93833499244223184110325 -0.34572740990328898469386 -3.835220312361656613831 -1.6900590079146415867228
0.93867395222582805658362 -0.34480604897934186148234 5.1674574186807227249574 0.29081952361491403280525
0.93890848458300679713062 -0.34416690366454721905498 3.1686923345799806739365 -1.8572798121665405890468
0.93896654160535308886182 -0.34400847917701521394562 -3.8338007061509480344341 0.13969007979466846469663
0.93916238257071904538265 -0.3434734620958231343657 5.1674575799648438945155 1.7089141190984946661047
0.93925224128659245970141 -0.34322766094549117532608 -5.830450015697672405679 -1.8572793430861820329625
0.93925225381917620826044 -0.34322762664971756541021 5.1672377907787314654797 1.9704434464602635923569
0.95435281643166847143078 -0.29868160601038412638175 -5.7837074247571536034229 0.29507280966427640311878
0.95882296574711378678302 -0.2840044372116559689978 -3.7845162925329232095351 0.29502640163377691351343
0.97037700183663555542068 -0.24159568354286245495111 3.2618152930829351632269 0.29593490290477575399564
0.9906147495549707526763 -0.13668364190400728030994 -3.5396597275697416762341 1.7118122624291913780326
0.99953698123058820623754 -0.030427342185000733065792 3.4838677560001394262201 0.07964018125903155054246
0.99990065775369763034774 -0.014095198605301506589171 -3.2521479985486974051412 1.7348143404717888405031
0.99990301934601311106832 -0.01392666157862823030078 -5.5795114705475619132358 0.26498952082334364943605
0.99990301960588734431212 -0.013926642920264617475645 5.5795114214382524053804 1.7350104867481122017381
0.99990302153671950513569 -0.013926504289950743242787 3.4206570275334691189073 0.26498934930229600670515
0.99990333784860652155402 -0.013903774998747611343908 3.4433597390885504196945 0.26496507204249020173137
0.99990429357205634630645 -0.013834872466617650563214 -5.4878297360382930492051 0.26489463214269615143337
0.99990435513121089794453 -0.013830422612405579574357 -5.4833850901392793275591 0.26489024592203569419269
0.99990435863916871106483 -0.01383016899365077483075 3.5168796237747415034391 0.26488999480516434159583
0.99990554120994257214505 -0.013744404594322516544036 -3.6025318150328775601565 1.7351906629217297428625
0.99990667944404587608176 -0.013661347048612548782387 5.3145261961892629187787 1.7352617484638483968951
0.99990758036491367288789 -0.013595246551052176178787 -2.7516485946111863825081 1.7340635858840289795779
0.99990758036492499716275 -0.013595246550220027592637 -3.2515153742444105056109 1.7346884246119576022949
0.99990758126797041338563 -0.013595180132582210946746 -3.2516481202267950578744 1.7346885739399908743508
0.99990985768855344950623 -0.013426708355220567242538 -6.0800110038410934976127 0.26565590870853544869234
0.99990985793897135813779 -0.013426689706158607615083 6.0800109448207697582234 1.7343441024720984700025
0.99990985858040459799412 -0.013426641937399973192324 -5.5800113700719933262917 0.2651152030987873331469
0.99990985883082428298252 -0.013426623288128122432616 5.5800113209531954083786 1.7348848044837836823717
0.99990985980061530824514 -0.013426551065467390300157 2.9201574941351187142402 0.26565565845694294466739
0.99990986069250420431587 -0.013426484644050822037098 3.4201571279856728402535 0.26511503150004500639625
0.99991017765122880422979 -0.013402859004280160901135 3.4437549756604295403406 0.26508979578176194991102
0.99991110027204455068528 -0.013333849884778927255558 -5.4873285123824251385827 0.26501927832572391707799
0.99991114623956334206412 -0.013330402315115301783988 -5.4838850017581686202561 0.26501588008216003800044
0.99991114962073968097656 -0.01333014869126974283331 3.5163797121207482909711 0.26501562883925089408876
0.99991230027085042930679 -0.013243555680296514170946 -3.6028589598102729318896 1.7350658150560889225744
0.99991318616907032268415 -0.013176498974247831744155 -5.4855296199876306673104 1.8307524335987359620503
0.9999133925590324434296 -0.013160827522880587728271 5.3145286200336077087059 1.7351366047065539532923
0.99991444975236909442629 -0.013080259034794393391277 -5.485604950843992355658 1.7345539054383665167336
0.99991676741778823256368 -0.012901869506459020392475 3.4442200042855861674695 0.26496416224379593096216
0.9999176559259176366723 -0.01283282383649566801842 -5.4868274175764213396178 0.26489364125460201915274
0.99991768731164565320313 -0.012830378066541693951597 -5.4843845428724193880043 0.26489123049508067619939
0.99991769056282531202839 -0.012830124687879605749341 3.5158799211197333534074 0.26489097937126870885294
0.99991880772199304150405 -0.012742761232514367153446 -3.603128159241692163306 1.7351911986509740426499
0.99991985514400061330065 -0.012660303661508951270087 5.3145302110023067143629 1.7352617452128873409833
0.99992761714824163199467 -0.01203164428662090688904 -3.6867329495611897982599 0.26473723403704962908733
0.99992763222801739342316 -0.012030390969192209307814 5.3145302397236378055823 0.26473825246713406089683
0.99992966390949344912542 -0.011860321827336246444662 -5.48438444676406788858 1.7351087949052081960133
0.99992967251175013387865 -0.011859596559110362201661 3.5149093510894999781158 1.7351080624840844457424
0.99992969291811428789174 -0.011857875892675300358303 -5.4868274566348986809317 1.7351063840305818164467
0.99993259581973281679979 -0.01161050460621938090755 -5.4856049794149157605716 0.2654461031070794452269
0.99993351451480905200953 -0.011531112264763356684005 -3.6867333696221118444214 0.26486237548294866428478
0.99993352895373677213797 -0.011529860108741641841479 5.3145286487347558335159 0.26486339295814786964911
0.99993370867878184071742 -0.011514262803022522543839 -5.48552965229811206882 0.16924757192229042401799
0.999935469840401602859 -0.011360288511117125689887 -5.4838849056686385097237 1.7349841453396948054433
0.99993548946351429318469 -0.011358561148430923459784 3.5144080056446500570644 1.7349824260570585465757
0.9999355090048621663712 -0.011356840722115709232942 -5.4873285514422445174887 1.7349807469880147436925
0.99993655671221459702025 -0.011264215486220094733505 -3.4201571925565943388392 0.26511502479002047039103
0.99993655746042664489437 -0.011264149066398687973334 -2.9201575586984702681548 0.26565564786143397446594
0.99993655848494322757603 -0.011264058118097412461434 5.5800113470915277957829 0.26511519302846409118501
0.99993655861653818472945 -0.011264046436101416912012 -5.5800112709639124730643 1.7348848230496400901757
0.99993655923318292000346 -0.011263991694907320162411 6.0800109808611937367573 0.26565589478979001469838
0.9999365593647471239791 -0.011263980015593009348374 -6.080010894830961909463 1.7343441211966510451248
0.99993844321371860850434 -0.01109548481704450417773 3.251648240610048645749 1.7346885563171099420288
0.99993844395072029040961 -0.011095418397357037151862 3.251515494627851499132 1.7346884069891397306407
0.99993844395072162267724 -0.011095418397228834148094 2.7516487149934896194736 1.7340635684584633224858
0.99993916132227544935063 -0.011030578140118915686507 -3.6867343714598064252641 0.26473723286150951938822
0.99993917511874619297174 -0.011029327397537615901291 5.3145262248798985638132 0.26473824917504346077024
0.99994102571371024090752 -0.010860252971884261363744 -5.4833849940585537297011 1.7351097795119962974297
0.99994105535714161714367 -0.010857523255632543779381 3.5139067822122456163925 1.7351070731221356346907
0.99994107403644394427289 -0.010855802818919279076337 -5.4878297750896649631613 1.7351053931910673799877
0.99994206454259082494929 -0.010764179406748774006641 -3.4206570921019756603698 0.26498934257927359015028
0.99994206623666093136649 -0.010764022034390700183204 5.5795114475625586791807 0.26498951073827392566074
0.99994206636228399887045 -0.010764010364441760694842 -5.579511371448139911422 1.7350105053375077801547
0.99994386666721990497564 -0.010595447824854867593936 3.2521481189312626547405 1.7348143228719072883592

160
0 0 273 345
1 0 286 392
2 0 0 65
3 0 25 120
4 0 18 91
5 0 404 506
6 0 394 460
7 0 279 383
8 0 270 332
9 0 148 262
10 0 138 211
11 0 170 294
12 0 49 156
13 0 150 264
14 0 139 214
15 0 28 132
16 0 15 75
17 0 405 507
18 0 396 464
19 0 276 371
0 1 176 273
1 1 201 286
2 1 425 0
3 1 438 25
4 1 435 18
5 1 315 404
6 1 305 394
7 1 186 279
8 1 173 270
9 1 61 148
10 1 51 138
11 1 152 170
12 1 31 49
13 1 63 150
14 1 53 139
15 1 441 28
16 1 432 15
17 1 316 405
18 1 307 396
19 1 183 276
0 2 81 176
1 2 136 201
2 2 319 425
3 2 366 438
4 2 340 435
5 2 247 315
6 2 204 305
7 2 126 186
8 2 69 173
9 2 497 61
10 2 447 51
11 2 45 152
12 2 417 31
13 2 500 63
14 2 449 53
15 2 379 441
16 2 328 432
17 2 251 316
18 2 205 307
19 2 110 183
0 3 81 88
1 3 136 137
2 3 319 320
3 3 366 372
-1 -1 -1 -1
-1 -1 -1 -1
-1 -1 -1 -1
-1 -1 -1 -1
-1 -1 -1 -1
-1 -1 -1 -1
10 3 447 457
11 3 45 46
12 3 417 418
13 3 500 509
-1 -1 -1 -1
-1 -1 -1 -1
-1 -1 -1 -1
-1 -1 -1 -1
-1 -1 -1 -1
-1 -1 -1 -1
0 4 434 88
1 4 446 137
2 4 161 320
3 4 184 372
4 4 178 348
5 4 60 261
6 4 52 215
7 4 440 131
8 4 431 74
9 4 317 508
10 4 304 457
11 4 410 46
12 4 281 418
13 4 318 509
14 4 306 461
15 4 187 384
16 4 174 333
17 4 62 263
18 4 54 218
19 4 437 119
0 5 434 17
1 5 446 40
2 5 161 265
3 5 184 277
-1 -1 -1 -1
-1 -1 -1 -1
-1 -1 -1 -1
-1 -1 -1 -1
-1 -1 -1 -1
-1 -1 -1 -1
10 5 304 393
11 5 410 430
12 5 281 301
13 5 318 407
-1 -1 -1 -1
-1 -1 -1 -1
-1 -1 -1 -1
-1 -1 -1 -1
-1 -1 -1 -1
-1 -1 -1 -1
0 6 339 17
1 6 391 40
2 6 64 265
3 6 113 277
4 6 82 274
5 6 493 147
6 6 448 140
7 6 378 27
8 6 327 14
9 6 250 406
10 6 202 393
11 6 293 430
12 6 155 301
13 6 254 407
14 6 203 395
15 6 127 280
16 6 70 271
17 6 496 149
18 6 450 141
19 6 363 23
0 7 339 345
1 7 391 392
2 7 64 65
3 7 113 120
-1 -1 -1 -1
-1 -1 -1 -1
-1 -1 -1 -1
-1 -1 -1 -1
-1 -1 -1 -1
-1 -1 -1 -1
10 7 202 211
11 7 293 294
12 7 155 156
13 7 254 264
-1 -1 -1 -1
-1 -1 -1 -1
-1 -1 -1 -1
-1 -1 -1 -1
-1 -1 -1 -1
-1 -1 -1 -1

160
0 0 345 392
1 0 392 65
2 0 65 120
3 0 91 120
-1 -1 -1 -1
5 0 460 506
-1 -1 -1 -1
7 0 332 383
-1 -1 -1 -1
9 0 211 262
10 0 211 294
11 0 156 294
12 0 156 264
13 0 214 264
-1 -1 -1 -1
15 0 75 132
-1 -1 -1 -1
17 0 464 507
-1 -1 -1 -1
19 0 345 371
0 1 273 286
1 1 286 0
2 1 0 25
3 1 18 25
-1 -1 -1 -1
5 1 394 404
-1 -1 -1 -1
7 1 270 279
-1 -1 -1 -1
9 1 138 148
10 1 138 170
11 1 49 170
12 1 49 150
13 1 139 150
-1 -1 -1 -1
15 1 15 28
-1 -1 -1 -1
17 1 396 405
-1 -1 -1 -1
19 1 273 276
0 2 176 201
1 2 201 425
2 2 425 438
3 2 435 438
-1 -1 -1 -1
5 2 305 315
-1 -1 -1 -1
7 2 173 186
-1 -1 -1 -1
9 2 51 61
10 2 51 152
11 2 31 152
12 2 31 63
13 2 53 63
-1 -1 -1 -1
15 2 432 441
-1 -1 -1 -1
17 2 307 316
-1 -1 -1 -1
19 2 176 183
0 3 81 136
1 3 136 319
2 3 319 366
3 3 340 366
-1 -1 -1 -1
5 3 204 247
-1 -1 -1 -1
7 3 69 126
-1 -1 -1 -1
9 3 447 497
10 3 447 45
11 3 417 45
12 3 417 500
13 3 449 500
-1 -1 -1 -1
15 3 328 379
-1 -1 -1 -1
17 3 205 251
-1 -1 -1 -1
19 3 81 110
0 4 88 137
1 4 137 320
2 4 320 372
3 4 348 372
-1 -1 -1 -1
5 4 215 261
-1 -1 -1 -1
7 4 74 131
-1 -1 -1 -1
9 4 457 508
10 4 457 46
11 4 418 46
12 4 418 509
13 4 461 509
-1 -1 -1 -1
15 4 333 384
-1 -1 -1 -1
17 4 218 263
-1 -1 -1 -1
19 4 88 119
0 5 434 446
1 5 446 161
2 5 161 184
3 5 178 184
-1 -1 -1 -1
5 5 52 60
-1 -1 -1 -1
7 5 431 440
-1 -1 -1 -1
9 5 304 317
10 5 304 410
11 5 281 410
12 5 281 318
13 5 306 318
-1 -1 -1 -1
15 5 174 187
-1 -1 -1 -1
17 5 54 62
-1 -1 -1 -1
19 5 434 437
0 6 17 40
1 6 40 265
2 6 265 277
3 6 274 277
-1 -1 -1 -1
5 6 140 147
-1 -1 -1 -1
7 6 14 27
-1 -1 -1 -1
9 6 393 406
10 6 393 430
11 6 301 430
12 6 301 407
13 6 395 407
-1 -1 -1 -1
15 6 271 280
-1 -1 -1 -1
17 6 141 149
-1 -1 -1 -1
19 6 17 23
0 7 339 391
1 7 391 64
2 7 64 113
3 7 82 113
-1 -1 -1 -1
5 7 448 493
-1 -1 -1 -1
7 7 327 378
-1 -1 -1 -1
9 7 202 250
10 7 202 293
11 7 155 293
12 7 155 254
13 7 203 254
-1 -1 -1 -1
15 7 70 127
-1 -1 -1 -1
17 7 450 496
-1 -1 -1 -1
19 7 339 363

252
0 0 0 0 1 20 273 286
0 0 0 0 0 1 286 345
0 0 1 0 0 1 345 392
1 0 0 1 1 21 286 392
1 0 1 1 1 21 392 0
1 0 1 1 0 2 0 65
2 0 0 2 1 22 0 25
2 0 0 2 0 3 25 65
2 0 1 2 0 3 65 120
3 0 1 23 0 4 18 25
3 0 0 3 0 4 25 91
3 0 0 3 1 3 91 120
5 0 1 25 0 6 394 404
5 0 0 5 0 6 404 460
5 0 0 5 1 5 460 506
7 0 1 27 0 8 270 279
7 0 0 7 0 8 279 332
7 0 0 7 1 7 332 383
9 0 1 29 0 10 138 148
9 0 0 9 0 10 148 211
9 0 0 9 1 9 211 262
10 0 0 10 1 30 138 170
10 0 0 10 0 11 170 211
10 0 1 10 0 11 211 294
11 0 1 31 0 12 49 156
11 0 1 31 1 11 156 170
11 0 0 11 1 11 170 294
12 0 0 12 1 32 49 150
12 0 0 12 0 13 150 156
12 0 1 12 0 13 156 264
13 0 1 33 0 14 139 150
13 0 0 13 0 14 150 214
13 0 0 13 1 13 214 264
15 0 1 35 0 16 15 28
15 0 0 15 0 16 28 75
15 0 0 15 1 15 75 132
17 0 1 37 0 18 396 405
17 0 0 17 0 18 405 464
17 0 0 17 1 17 464 507
19 0 1 39 0 0 273 276
19 0 0 19 0 0 276 345
19 0 0 19 1 19 345 371
0 1 0 20 1 40 176 201
0 1 0 20 0 21 201 273
0 1 1 20 0 21 273 286
1 1 0 21 1 41 201 286
1 1 1 21 1 41 286 425
1 1 1 21 0 22 425 0
2 1 0 22 1 42 425 438
2 1 0 22 0 23 438 0
2 1 1 22 0 23 0 25
3 1 1 43 0 24 435 438
3 1 0 23 0 24 438 18
3 1 0 23 1 23 18 25
5 1 1 45 0 26 305 315
5 1 0 25 0 26 315 394
5 1 0 25 1 25 394 404
7 1 1 47 0 28 173 186
7 1 0 27 0 28 186 270
7 1 0 27 1 27 270 279
9 1 1 49 0 30 51 61
9 1 0 29 0 30 61 138
9 1 0 29 1 29 138 148
10 1 0 30 1 50 51 138
10 1 1 30 1 50 138 152
10 1 1 30 0 31 152 170
11 1 1 51 0 32 31 49
11 1 1 51 1 31 49 152
11 1 0 31 1 31 152 170
12 1 0 32 1 52 31 49
12 1 1 32 1 52 49 63
12 1 1 32 0 33 63 150
13 1 1 53 0 34 53 63
13 1 0 33 0 34 63 139
13 1 0 33 1 33 139 150
15 1 1 55 0 36 432 441
15 1 0 35 0 36 441 15
15 1 0 35 1 35 15 28
17 1 1 57 0 38 307 316
17 1 0 37 0 38 316 396
17 1 0 37 1 37 396 405
19 1 1 59 0 20 176 183
19 1 0 39 0 20 183 273
19 1 0 39 1 39 273 276
0 2 0 40 1 60 81 136
0 2 0 40 0 41 136 176
0 2 1 40 0 41 176 201
1 2 0 41 1 61 136 201
1 2 1 41 1 61 201 319
1 2 1 41 0 42 319 425
2 2 0 42 1 62 319 366
2 2 0 42 0 43 366 425
2 2 1 42 0 43 425 438
3 2 1 63 0 44 340 366
3 2 0 43 0 44 366 435
3 2 0 43 1 43 435 438
5 2 1 65 0 46 204 247
5 2 0 45 0 46 247 305
5 2 0 45 1 45 305 315
7 2 1 67 0 48 69 126
7 2 0 47 0 48 126 173
7 2 0 47 1 47 173 186
9 2 1 69 0 50 447 497
9 2 0 49 0 50 497 51
9 2 0 49 1 49 51 61
10 2 0 50 1 70 447 45
10 2 0 50 0 51 45 51
10 2 1 50 0 51 51 152
11 2 1 71 0 52 417 31
11 2 1 71 1 51 31 45
11 2 0 51 1 51 45 152
12 2 0 52 1 72 417 500
12 2 0 52 0 53 500 31
12 2 1 52 0 53 31 63
13 2 1 73 0 54 449 500
13 2 0 53 0 54 500 53
13 2 0 53 1 53 53 63
15 2 1 75 0 56 328 379
15 2 0 55 0 56 379 432
15 2 0 55 1 55 432 441
17 2 1 77 0 58 205 251
17 2 0 57 0 58 251 307
17 2 0 57 1 57 307 316
19 2 1 79 0 40 81 110
19 2 0 59 0 40 110 176
19 2 0 59 1 59 176 183
0 3 1 60 0 60 81 88
0 3 1 60 1 80 88 136
0 3 0 61 1 80 136 137
1 3 1 61 0 61 136 137
1 3 1 61 1 81 137 319
1 3 0 62 1 81 319 320
2 3 1 62 0 62 319 320
2 3 1 62 1 82 320 366
2 3 0 63 1 82 366 372
10 3 1 70 0 70 447 457
10 3 1 70 1 90 457 45
10 3 0 71 1 90 45 46
12 3 1 72 0 72 417 418
12 3 1 72 1 92 418 500
12 3 0 73 1 92 500 509
0 4 0 80 1 100 434 446
0 4 0 80 0 81 446 88
0 4 1 80 0 81 88 137
1 4 0 81 1 101 446 137
1 4 1 81 1 101 137 161
1 4 1 81 0 82 161 320
2 4 0 82 1 102 161 184
2 4 0 82 0 83 184 320
2 4 1 82 0 83 320 372
3 4 1 103 0 84 178 184
3 4 0 83 0 84 184 348
3 4 0 83 1 83 348 372
5 4 1 105 0 86 52 60
5 4 0 85 0 86 60 215
5 4 0 85 1 85 215 261
7 4 1 107 0 88 431 440
7 4 0 87 0 88 440 74
7 4 0 87 1 87 74 131
9 4 1 109 0 90 304 317
9 4 0 89 0 90 317 457
9 4 0 89 1 89 457 508
10 4 0 90 1 110 304 410
10 4 0 90 0 91 410 457
10 4 1 90 0 91 457 46
11 4 1 111 0 92 281 410
11 4 0 91 0 92 410 418
11 4 0 91 1 91 418 46
12 4 0 92 1 112 281 318
12 4 0 92 0 93 318 418
12 4 1 92 0 93 418 509
13 4 1 113 0 94 306 318
13 4 0 93 0 94 318 461
13 4 0 93 1 93 461 509
15 4 1 115 0 96 174 187
15 4 0 95 0 96 187 333
15 4 0 95 1 95 333 384
17 4 1 117 0 98 54 62
17 4 0 97 0 98 62 218
17 4 0 97 1 97 218 263
19 4 1 119 0 80 434 437
19 4 0 99 0 80 437 88
19 4 0 99 1 99 88 119
0 5 1 100 0 100 434 446
0 5 0 101 0 100 446 17
0 5 0 101 1 120 17 40
2 5 1 102 0 102 161 184
2 5 0 103 0 102 184 265
2 5 0 103 1 122 265 277
10 5 1 110 0 110 304 393
10 5 1 110 1 130 393 410
10 5 0 111 1 130 410 430
12 5 1 112 0 112 281 301
12 5 1 112 1 132 301 318
12 5 0 113 1 132 318 407
0 6 0 120 1 140 339 391
0 6 0 120 0 121 391 17
0 6 1 120 0 121 17 40
1 6 0 121 1 141 391 40
1 6 1 121 1 141 40 64
1 6 1 121 0 122 64 265
2 6 0 122 1 142 64 113
2 6 0 122 0 123 113 265
2 6 1 122 0 123 265 277
3 6 1 143 0 124 82 113
3 6 0 123 0 124 113 274
3 6 0 123 1 123 274 277
5 6 1 145 0 126 448 493
5 6 0 125 0 126 493 140
5 6 0 125 1 125 140 147
7 6 1 147 0 128 327 378
7 6 0 127 0 128 378 14
7 6 0 127 1 127 14 27
9 6 1 149 0 130 202 250
9 6 0 129 0 130 250 393
9 6 0 129 1 129 393 406
10 6 0 130 1 150 202 293
10 6 0 130 0 131 293 393
10 6 1 130 0 131 393 430
11 6 1 151 0 132 155 293
11 6 0 131 0 132 293 301
11 6 0 131 1 131 301 430
12 6 0 132 1 152 155 254
12 6 0 132 0 133 254 301
12 6 1 132 0 133 301 407
13 6 1 153 0 134 203 254
13 6 0 133 0 134 254 395
13 6 0 133 1 133 395 407
15 6 1 155 0 136 70 127
15 6 0 135 0 136 127 271
15 6 0 135 1 135 271 280
17 6 1 157 0 138 450 496
17 6 0 137 0 138 496 141
17 6 0 137 1 137 141 149
19 6 1 159 0 120 339 363
19 6 0 139 0 120 363 17
19 6 0 139 1 139 17 23
0 7 1 140 0 140 339 345
0 7 1 140 1 0 345 391
0 7 0 141 1 0 391 392
1 7 1 141 0 141 391 392
1 7 1 141 1 1 392 64
1 7 0 142 1 1 64 65
2 7 1 142 0 142 64 65
2 7 1 142 1 2 65 113
2 7 0 143 1 2 113 120
10 7 1 150 0 150 202 211
10 7 1 150 1 10 211 293
10 7 0 151 1 10 293 294
12 7 1 152 0 152 155 156
12 7 1 152 1 12 156 254
12 7 0 153 1 12 254 264

171
2 1 9 2 470 11
5 6 3 1 486 20
15 1 13 2 472 21
17 6 15 1 487 16
9 2 7 4 489 59
13 2 19 6 490 12
7 4 5 6 485 97
19 6 17 6 469 5
0 5 17 6 5 7
19 6 0 5 5 12
1 4 17 6 7 30
0 5 1 4 7 38
3 1 9 2 11 24
13 2 0 5 12 29
17 6 15 0 16 79
5 6 3 0 20 94
15 0 13 2 21 58
3 0 9 2 24 33
12 2 0 5 29 32
0 4 17 6 30 34
12 1 0 5 32 35
2 0 9 2 33 37
19 4 17 6 34 98
12 1 0 6 35 36
12 1 1 6 36 41
1 0 9 2 37 48
0 6 1 4 38 39
1 6 1 4 39 162
11 1 1 6 41 154
12 1 1 4 42 68
1 4 12 1 42 47
1 4 11 1 47 160
1 7 9 2 48 50
1 6 9 2 50 57
1 6 9 1 57 133
15 0 13 1 58 121
9 1 7 4 59 80
13 1 1 4 68 144
15 6 15 0 79 121
17 6 15 6 79 104
9 1 7 2 80 143
7 2 7 4 80 122
0 3 19 4 88 89
0 2 19 4 89 90
19 2 19 4 90 107
3 6 3 0 94 111
5 6 3 6 94 103
5 4 5 6 97 103
7 4 5 4 97 122
17 4 17 6 98 104
19 4 17 4 98 107
5 4 3 6 103 167
17 4 15 6 104 226
19 2 17 4 107 181
3 6 2 0 111 112
3 6 2 7 112 113
15 6 13 1 121 142
7 2 5 4 122 185
1 6 10 1 133 159
15 6 13 0 142 222
9 0 7 2 143 180
13 0 1 4 144 151
13 0 1 3 151 153
13 0 1 2 153 164
10 1 1 6 154 159
1 4 10 1 160 165
1 6 2 4 162 163
1 6 2 5 163 194
13 0 0 2 164 168
2 4 10 1 165 166
2 5 10 1 166 169
5 4 2 6 167 171
13 0 19 2 168 177
2 5 10 0 169 172
5 4 1 6 171 194
2 5 9 0 172 189
13 0 19 1 177 190
9 0 7 1 180 239
19 1 17 4 181 225
7 1 5 4 185 224
3 4 9 0 189 221
2 5 3 4 189 196
13 0 0 1 190 241
5 4 2 5 194 196
5 4 3 4 196 242
9 6 9 0 221 239
3 4 9 6 221 283
13 6 13 0 222 241
15 6 13 6 222 238
7 1 5 2 224 275
5 2 5 4 224 242
19 1 17 2 225 268
17 2 17 4 225 243
15 4 15 6 226 238
17 4 15 4 226 243
15 4 13 6 238 354
9 6 7 1 239 272
13 6 0 1 241 266
5 2 3 4 242 313
17 2 15 4 243 314
13 6 1 1 266 287
0 1 17 2 268 282
9 6 7 0 272 337
7 0 5 2 275 311
0 0 17 2 282 284
2 4 9 6 283 285
19 0 17 2 284 312
1 4 9 6 285 299
12 6 1 1 287 295
11 6 1 1 295 300
1 3 9 6 299 302
12 5 1 1 300 303
11 6 12 5 300 301
1 2 9 6 302 386
12 5 1 0 303 325
7 0 5 1 311 373
19 0 17 1 312 358
5 1 3 4 313 353
17 1 15 4 314 338
13 4 1 0 325 409
12 5 13 4 325 326
12 6 13 4 326 361
7 6 7 0 337 373
9 6 7 6 337 357
17 1 15 2 338 400
15 2 15 4 338 374
0 7 19 0 345 346
0 6 19 0 346 347
19 6 19 0 347 358
10 4 9 6 350 351
9 6 10 4 350 385
9 4 9 6 351 357
5 1 3 2 353 399
3 2 3 4 353 364
13 4 13 6 354 360
15 4 13 4 354 374
9 4 7 6 357 473
19 6 17 1 358 398
13 4 12 6 360 361
3 2 2 4 364 365
3 2 2 3 365 366
7 6 5 1 373 397
15 2 13 4 374 439
9 6 10 5 385 386
1 2 10 5 386 408
7 6 5 0 397 468
19 6 17 0 398 469
5 0 3 2 399 427
17 0 15 2 400 436
1 1 10 5 408 411
13 4 1 7 409 412
10 5 11 4 410 411
1 1 11 4 411 416
13 4 1 6 412 426
1 1 10 4 416 424
1 1 9 4 424 445
13 4 0 6 426 428
5 0 2 2 427 429
13 4 19 6 428 490
5 0 2 1 429 443
17 0 15 1 436 487
15 1 13 4 439 472
5 0 3 1 443 486
2 1 9 4 445 470
5 6 5 0 468 486
7 6 5 6 468 485
17 6 17 0 469 487
9 2 9 4 470 489
13 2 13 4 472 490
7 4 7 6 473 485
9 4 7 4 473 489

411
2 1 2 0 0 23 470 11
3 1 0 23 2 1 486 11
15 1 2 2 2 3 487 16
9 2 2 4 2 0 489 11
13 2 2 5 2 2 490 12
7 4 2 6 2 4 489 59
5 6 2 1 2 6 486 20
17 6 2 3 2 7 487 5
19 6 2 7 2 5 490 5
0 5 2 8 2 9 5 7
17 6 2 3 2 8 5 7
19 6 2 9 2 5 5 12
1 4 2 10 2 11 7 30
0 5 2 11 2 9 7 12
17 6 2 3 2 10 7 16
3 1 2 12 2 1 11 20
9 2 2 4 2 12 11 24
13 2 2 13 2 2 12 21
0 5 2 11 2 13 12 29
15 1 2 2 1 35 16 21
15 0 1 35 2 14 16 21
17 6 2 14 2 10 16 30
3 1 2 12 1 23 20 24
3 0 1 23 2 15 20 24
5 6 2 15 2 6 20 94
15 0 2 16 2 14 21 58
13 2 2 13 2 16 21 29
3 0 2 17 2 15 24 33
9 2 2 4 2 17 24 33
13 2 0 53 2 16 29 58
12 2 2 18 0 53 29 32
0 5 2 11 2 18 29 32
1 4 0 81 2 11 30 38
0 4 2 19 0 81 30 34
17 6 2 14 2 19 30 34
12 2 1 52 0 53 32 63
12 1 2 20 1 52 32 35
0 5 2 11 2 20 32 35
3 0 0 3 2 15 33 94
2 0 2 21 0 3 33 37
9 2 2 4 2 21 33 37
0 4 0 80 0 81 34 88
19 4 2 22 0 80 34 88
17 6 2 14 2 22 34 79
0 5 2 11 1 120 35 38
0 6 1 120 2 23 35 36
12 1 2 23 1 52 35 36
0 6 1 120 0 121 36 38
1 6 0 121 2 24 36 39
12 1 2 24 1 52 36 41
2 0 0 2 0 3 37 65
1 0 2 25 0 2 37 48
9 2 2 4 2 25 37 48
0 6 2 26 0 121 38 39
1 4 0 81 2 26 38 39
1 6 2 27 2 24 39 41
1 4 0 81 2 27 39 42
12 1 0 32 1 52 41 42
11 1 2 28 0 32 41 47
1 6 2 27 2 28 41 154
12 1 2 29 1 52 42 63
12 1 0 32 2 30 42 47
1 4 2 30 2 27 42 47
1 4 0 81 2 29 42 68
11 1 2 28 2 31 47 154
1 4 2 31 2 27 47 160
1 0 1 1 0 2 48 65
1 7 2 32 1 1 48 50
9 2 2 4 2 32 48 50
1 7 1 141 1 1 50 64
1 6 2 33 1 141 50 57
9 2 2 4 2 33 50 57
9 2 2 4 1 49 57 59
9 1 1 49 2 34 57 59
1 6 2 34 1 141 57 64
13 2 0 53 1 53 58 63
13 1 1 53 2 35 58 63
15 0 2 35 2 14 58 79
9 1 2 36 2 34 59 80
7 4 2 6 2 36 59 80
12 1 2 29 0 33 63 68
13 1 0 33 2 35 63 68
1 6 2 34 0 122 64 133
1 7 0 142 1 1 64 65
2 6 0 122 1 142 64 113
2 7 1 142 0 142 64 65
2 7 1 142 1 2 65 112
2 0 1 2 0 3 65 111
13 1 2 37 2 35 68 121
1 4 0 81 2 37 68 137
15 0 2 35 2 38 79 121
15 6 2 38 2 39 79 104
17 6 2 39 2 22 79 98
9 1 2 40 2 34 80 133
7 2 2 41 2 40 80 122
7 4 2 6 2 41 80 97
19 4 2 22 2 42 88 89
0 3 2 42 1 80 88 89
0 4 1 80 0 81 88 137
0 3 1 60 1 80 89 136
0 2 2 43 1 60 89 90
19 4 2 22 2 43 89 90
0 2 0 40 1 60 90 136
19 2 2 44 0 40 90 107
19 4 2 22 2 44 90 98
3 0 0 3 2 45 94 111
3 6 2 45 2 46 94 103
5 6 2 46 2 6 94 97
5 4 2 47 2 48 97 103
7 4 2 48 2 41 97 122
5 6 2 46 2 47 97 103
17 4 2 49 2 50 98 104
19 4 2 50 2 44 98 107
17 6 2 39 2 49 98 104
5 4 2 51 2 48 103 122
3 6 2 45 2 51 103 111
17 4 2 52 2 50 104 107
15 6 2 38 2 52 104 121
19 2 2 53 0 40 107 168
17 4 2 52 2 53 107 181
2 0 1 2 2 54 111 112
3 6 2 54 2 51 111 112
2 7 1 142 2 55 112 113
3 6 2 55 2 51 112 113
2 6 0 122 0 123 113 167
3 6 0 123 2 51 113 167
13 1 2 37 2 56 121 142
15 6 2 56 2 52 121 142
7 2 2 57 2 40 122 143
5 4 2 51 2 57 122 167
9 1 2 40 0 30 133 138
10 1 0 30 2 58 133 138
1 6 2 58 0 122 133 159
0 2 0 40 0 41 136 164
0 3 0 61 1 80 136 137
1 2 0 41 1 61 136 153
1 3 1 61 0 61 136 137
1 3 1 61 1 81 137 151
1 4 1 81 2 37 137 144
9 0 1 29 0 10 138 143
9 1 2 40 1 29 138 143
10 0 0 10 1 30 138 169
10 1 1 30 2 58 138 159
13 1 2 37 1 33 142 144
13 0 1 33 2 59 142 144
15 6 2 59 2 52 142 222
9 0 2 60 0 10 143 172
7 2 2 57 2 60 143 180
13 0 2 61 2 59 144 151
1 4 1 81 2 61 144 151
1 3 1 61 2 62 151 153
13 0 2 62 2 59 151 153
1 2 0 41 2 63 153 164
13 0 2 63 2 59 153 164
11 1 0 31 2 31 154 160
10 1 2 64 0 31 154 159
1 6 2 27 2 64 154 159
10 1 1 30 0 31 159 160
1 6 2 27 0 122 159 162
10 1 1 30 2 65 160 165
1 4 2 65 2 27 160 162
1 4 2 65 0 82 162 165
2 4 0 82 2 66 162 163
1 6 2 66 0 122 162 163
2 4 0 82 1 102 163 165
2 5 1 102 2 67 163 166
1 6 2 67 0 122 163 171
0 2 0 40 2 68 164 168
13 0 2 68 2 59 164 168
2 4 2 69 1 102 165 166
10 1 1 30 2 69 165 166
2 5 2 70 2 67 166 169
10 1 1 30 2 70 166 169
2 6 0 122 2 71 167 171
5 4 2 71 2 57 167 171
19 2 2 53 2 72 168 177
13 0 2 72 2 59 168 177
10 0 0 10 2 73 169 172
2 5 2 73 2 67 169 172
1 6 2 67 2 74 171 194
5 4 2 74 2 57 171 185
9 0 2 60 2 75 172 180
2 5 2 75 2 67 172 189
19 2 2 53 1 59 177 181
19 1 1 59 2 76 177 181
13 0 2 76 2 59 177 190
7 2 2 57 1 47 180 185
7 1 1 47 2 77 180 185
9 0 2 77 2 75 180 189
19 1 2 78 2 76 181 190
17 4 2 52 2 78 181 225
7 1 2 79 2 77 185 224
5 4 2 74 2 79 185 194
9 0 2 77 2 80 189 221
3 4 2 80 2 81 189 196
2 5 2 81 2 67 189 194
19 1 2 78 0 20 190 225
0 1 0 20 2 82 190 241
13 0 2 82 2 59 190 222
5 4 2 83 2 79 194 196
2 5 2 81 2 83 194 196
3 4 2 80 2 84 196 221
5 4 2 84 2 79 196 224
9 0 2 77 2 85 221 239
3 4 2 86 2 84 221 242
9 6 2 85 2 86 221 239
13 0 2 82 2 87 222 241
13 6 2 87 2 88 222 238
15 6 2 88 2 52 222 226
7 1 2 89 2 77 224 239
5 2 2 90 2 89 224 242
5 4 2 84 2 90 224 242
19 1 2 91 0 20 225 268
17 2 2 92 2 91 225 243
17 4 2 52 2 92 225 226
15 4 2 93 2 94 226 238
17 4 2 94 2 92 226 243
15 6 2 88 2 93 226 238
15 4 2 95 2 94 238 243
13 6 2 87 2 95 238 241
7 1 2 89 2 96 239 272
9 6 2 96 2 86 239 272
0 1 0 20 2 97 241 266
13 6 2 97 2 95 241 266
5 2 2 98 2 89 242 275
3 4 2 86 2 98 242 283
17 2 2 99 2 91 243 268
15 4 2 95 2 99 243 314
0 1 0 20 0 21 266 268
1 1 0 21 2 100 266 286
13 6 2 100 2 95 266 287
0 1 2 101 0 21 268 282
17 2 2 99 2 101 268 282
7 1 2 89 1 27 272 275
7 0 1 27 2 102 272 275
9 6 2 102 2 86 272 283
7 0 2 103 2 102 275 311
5 2 2 98 2 103 275 311
0 1 1 20 0 21 282 286
0 0 2 104 1 20 282 284
17 2 2 99 2 104 282 284
3 4 0 83 2 98 283 313
2 4 2 105 0 83 283 285
9 6 2 102 2 105 283 285
0 0 0 0 1 20 284 286
19 0 2 106 0 0 284 312
17 2 2 99 2 106 284 312
2 4 0 82 0 83 285 320
1 4 2 107 0 82 285 299
9 6 2 102 2 107 285 299
0 0 0 0 0 1 286 345
1 0 0 1 1 21 286 303
1 1 1 21 2 100 286 287
13 6 0 133 2 95 287 354
12 6 2 108 0 133 287 295
1 1 1 21 2 108 287 295
12 6 0 132 0 133 295 301
11 6 2 109 0 132 295 300
1 1 1 21 2 109 295 300
1 4 1 81 0 82 299 320
1 3 2 110 1 81 299 302
9 6 2 102 2 110 299 302
1 1 1 21 2 111 300 303
12 5 2 111 2 112 300 301
11 6 2 112 0 132 300 301
12 5 2 111 1 132 301 303
12 6 1 132 0 133 301 326
1 3 1 61 1 81 302 319
1 2 2 113 1 61 302 319
9 6 2 102 2 113 302 337
1 0 0 1 2 114 303 325
12 5 2 114 1 132 303 325
5 2 2 98 1 45 311 313
5 1 1 45 2 115 311 313
7 0 2 115 2 102 311 337
17 2 2 99 1 57 312 314
17 1 1 57 2 116 312 314
19 0 2 116 0 0 312 345
5 1 2 117 2 115 313 353
3 4 0 83 2 117 313 353
17 1 2 118 2 116 314 338
15 4 2 95 2 118 314 338
1 2 2 113 0 42 319 386
1 3 0 62 1 81 319 320
2 2 0 42 1 62 319 366
2 3 1 62 0 62 319 320
2 3 1 62 1 82 320 365
2 4 1 82 0 83 320 364
1 0 0 1 2 119 325 392
13 4 2 119 2 120 325 326
12 5 2 120 1 132 325 326
12 6 2 121 0 133 326 360
13 4 2 119 2 121 326 361
7 0 2 115 2 122 337 373
7 6 2 122 2 123 337 357
9 6 2 123 2 113 337 350
17 1 2 124 2 116 338 358
15 2 2 125 2 124 338 374
15 4 2 95 2 125 338 354
19 0 2 116 2 126 345 346
0 7 2 126 1 0 345 346
0 0 1 0 0 1 345 392
0 7 1 140 1 0 346 391
0 6 2 127 1 140 346 347
19 0 2 116 2 127 346 347
0 6 0 120 1 140 347 391
19 6 2 128 0 120 347 358
19 0 2 116 2 128 347 358
10 4 2 129 2 130 350 351
9 6 2 130 2 113 350 385
9 6 2 123 2 129 350 351
10 4 0 90 2 130 351 385
9 4 2 131 0 90 351 357
9 6 2 123 2 131 351 357
5 1 2 132 2 115 353 373
3 2 2 133 2 132 353 364
3 4 0 83 2 133 353 364
13 4 2 134 2 135 354 360
15 4 2 135 2 125 354 374
13 6 0 133 2 134 354 360
9 4 2 136 0 90 357 424
7 6 2 122 2 136 357 373
17 1 2 124 2 137 358 398
19 6 2 137 0 120 358 398
12 6 2 121 2 138 360 361
13 4 2 138 2 135 360 361
13 4 2 119 2 135 361 374
2 4 1 82 2 139 364 365
3 2 2 139 2 132 364 365
2 3 1 62 2 140 365 366
3 2 2 140 2 132 365 366
2 2 0 42 0 43 366 425
3 2 0 43 2 132 366 399
5 1 2 132 2 141 373 397
7 6 2 141 2 136 373 397
15 2 2 142 2 124 374 400
13 4 2 119 2 142 374 409
10 4 0 90 1 110 385 410
10 5 1 110 2 143 385 386
9 6 2 143 2 113 385 386
1 2 2 144 0 42 386 408
10 5 1 110 2 144 386 408
0 6 0 120 0 121 391 426
0 7 0 141 1 0 391 392
1 6 0 121 1 141 391 412
1 7 1 141 0 141 391 392
1 7 1 141 1 1 392 409
1 0 1 1 2 119 392 409
5 1 2 132 1 25 397 399
5 0 1 25 2 145 397 399
7 6 2 145 2 136 397 468
17 1 2 124 1 37 398 400
17 0 1 37 2 146 398 400
19 6 2 146 0 120 398 428
5 0 2 147 2 145 399 427
3 2 0 43 2 147 399 427
17 0 2 148 2 146 400 436
15 2 2 142 2 148 400 436
1 2 1 41 0 42 408 425
1 1 2 149 1 41 408 411
10 5 1 110 2 149 408 410
1 7 1 141 2 150 409 412
13 4 2 150 2 142 409 412
10 4 0 90 0 91 410 416
10 5 2 151 2 149 410 411
11 4 0 91 2 151 410 411
1 1 2 152 1 41 411 416
11 4 0 91 2 152 411 416
1 6 0 121 2 153 412 426
13 4 2 153 2 142 412 426
10 4 0 90 2 154 416 424
1 1 2 154 1 41 416 424
9 4 2 136 2 155 424 445
1 1 2 155 1 41 424 425
1 1 2 155 0 22 425 445
2 1 0 22 1 42 425 429
2 2 1 42 0 43 425 427
0 6 0 120 2 156 426 428
13 4 2 156 2 142 426 428
2 2 1 42 2 157 427 429
5 0 2 157 2 145 427 429
19 6 2 146 2 158 428 469
13 4 2 158 2 142 428 439
2 1 0 22 2 159 429 443
5 0 2 159 2 145 429 443
15 2 2 142 1 55 436 439
15 1 1 55 2 160 436 439
17 0 2 160 2 146 436 469
15 1 2 161 2 160 439 472
13 4 2 158 2 161 439 472
2 1 0 22 0 23 443 445
3 1 0 23 2 162 443 486
5 0 2 162 2 145 443 468
2 1 2 163 0 23 445 470
9 4 2 136 2 163 445 470
5 0 2 162 2 164 468 486
5 6 2 164 2 165 468 485
7 6 2 165 2 136 468 473
17 0 2 160 2 166 469 487
17 6 2 166 2 7 469 487
19 6 2 7 2 158 469 490
9 2 2 167 2 0 470 489
9 4 2 136 2 167 470 473
15 1 2 2 2 160 472 487
13 2 2 168 2 2 472 490
13 4 2 158 2 168 472 490
7 4 2 169 2 170 473 485
9 4 2 170 2 167 473 489
7 6 2 165 2 169 473 485
7 4 2 6 2 170 485 489
5 6 2 164 2 6 485 486
