-5 1.00001 3.1416
-4.9998 0.955537 3.15049
-4.9992 0.911077 3.15938
-4.99822 0.866624 3.16828
-4.99683 0.822181 3.17717
-4.99505 0.777753 3.18606
-4.99288 0.733342 3.19495
-4.99031 0.688952 3.20385
-4.98735 0.644587 3.21274
-4.98399 0.60025 3.22163
-4.98024 0.555944 3.23053
-4.97609 0.511674 3.23942
-4.97155 0.467442 3.24831
-4.96662 0.423253 3.2572
-4.96129 0.379109 3.2661
-4.95558 0.335014 3.27499
-4.94947 0.290971 3.28388
-5.03379 0.290972 3.28388
-5.1181 0.290972 3.28388
-5.20242 0.290972 3.28388
-5.28674 0.290972 3.28388
-5.30627 0.280867 3.21274
-5.3128 0.265626 3.1416
-5.3128 0.363542 3.1416
-5.3128 0.461459 3.1416
-5.3128 0.559376 3.1416
-5.3128 0.657292 3.1416
-5.3128 0.755209 3.1416
-5.3128 0.853126 3.1416
-5.3128 0.951042 3.1416
-5.3128 1.04896 3.1416
-5.3128 1.14688 3.1416
-5.3128 1.2448 3.1416
-5.3128 1.34271 3.1416
-5.3128 1.44063 3.1416
-5.3128 1.53855 3.1416
-5.3128 1.63646 3.1416
-5.3128 1.73438 3.1416
-5.3128 1.73438 3.1416
-5.3128 1.63646 3.1416
-5.3128 1.53855 3.1416
-5.3128 1.44063 3.1416
-5.3128 1.34271 3.1416
-5.3128 1.2448 3.1416
-5.3128 1.14688 3.1416
-5.3128 1.04896 3.1416
-5.3128 0.951042 3.1416
-5.3128 0.853126 3.1416
-5.3128 0.755209 3.1416
-5.3128 0.657292 3.1416
-5.3128 0.559376 3.1416
-5.3128 0.461459 3.1416
-5.3128 0.363542 3.1416
-5.3128 0.265626 3.1416
-5.3128 0.265626 3.1416
-5.31055 0.275194 3.09982
-5.21409 0.275194 3.09982
-5.11764 0.275194 3.09982
-5.02119 0.275194 3.09982
-4.92473 0.275194 3.09982
-4.82828 0.275194 3.09982
-4.73183 0.275194 3.09982
-4.63537 0.275194 3.09982
-4.53892 0.275194 3.09982
-4.44247 0.275194 3.09982
-4.34602 0.275194 3.09982
-4.24956 0.275194 3.09982
-4.15311 0.275194 3.09982
-4.05666 0.275194 3.09982
-3.9602 0.275194 3.09982
-3.86375 0.275194 3.09982
-3.7673 0.275194 3.09982
-3.67084 0.275194 3.09982
-3.57439 0.275194 3.09982
-3.47794 0.275194 3.09982
-3.47794 0.275194 3.09982
-3.47279 0.349618 3.07702
-3.46605 0.423946 3.05421
-3.45772 0.498141 3.03141
-3.44781 0.57217 3.0086
-3.43631 0.645995 2.9858
-3.42324 0.719584 2.96299
-3.4086 0.7929 2.94018
-3.39239 0.865909 2.91738
-3.37462 0.938577 2.89457
-3.3553 1.01087 2.87177
-3.33445 1.08276 2.84896
-3.31206 1.15419 2.82616
-3.28816 1.22516 2.80335
-3.26274 1.29561 2.78054
-3.23583 1.36552 2.75774
-3.20744 1.43485 2.73493
-3.17758 1.50357 2.71213
-3.2408 1.43222 2.71213
-3.30201 1.35913 2.71213
-3.36116 1.28437 2.71213
-3.41821 1.208 2.71213
-3.47312 1.13007 2.71213
-3.52583 1.05064 2.71213
-3.57632 0.96977 2.71213
-3.62454 0.887534 2.71213
-3.67046 0.803989 2.71213
-3.71403 0.719199 2.71213
-3.75523 0.633231 2.71213
-3.79403 0.546149 2.71213
-3.83038 0.458023 2.71213
-3.86427 0.36892 2.71213
-3.89567 0.278909 2.71213
-3.93194 0.309292 2.66623
-3.96677 0.341306 2.62033
-4.00176 0.376649 2.57207
-4.03501 0.413638 2.52382
-4.00316 0.504879 2.52382
-3.96875 0.595186 2.52382
-3.93181 0.684487 2.52382
-3.89236 0.772712 2.52382
-3.85045 0.859789 2.52382
-3.8061 0.94565 2.52382
-3.75934 1.03023 2.52382
-3.71022 1.11346 2.52382
-3.65877 1.19526 2.52382
-3.60504 1.27559 2.52382
-3.54906 1.35437 2.52382
-3.49089 1.43154 2.52382
-3.43056 1.50703 2.52382
-3.36813 1.5808 2.52382
-3.30364 1.65278 2.52382
-3.23715 1.72291 2.52382
-3.16871 1.79114 2.52382
-3.09837 1.85741 2.52382
-3.0262 1.92168 2.52382
-2.95224 1.98388 2.52382
-2.87655 2.04398 2.52382
-2.83217 2.10505 2.50242
-2.78649 2.16515 2.48103
-2.73953 2.22427 2.45964
-2.69132 2.28237 2.43824
-2.64395 2.33708 2.41773
-2.59546 2.39082 2.39722
-2.54588 2.44354 2.37671
-2.49523 2.49524 2.3562
-2.44353 2.54589 2.33569
-2.39081 2.59547 2.31518
-2.33707 2.64396 2.29467
-2.28236 2.69133 2.27416
-2.21668 2.74567 2.25
-2.14972 2.79841 2.22585
-2.0815 2.84952 2.20169
-2.01207 2.89897 2.17753
-1.94146 2.94672 2.15338
-1.86972 2.99275 2.12922
-1.79689 3.03704 2.10507
-1.72301 3.07956 2.08091
-1.64813 3.12027 2.05675
-1.57228 3.15917 2.0326
-1.49552 3.19623 2.00844
-1.41788 3.23142 1.98429
-1.33942 3.26472 1.96013
-1.26017 3.29612 1.93598
-1.18019 3.3256 1.91182
-1.09952 3.35313 1.88766
-1.01821 3.37871 1.86351
-0.936309 3.40232 1.83935
-0.853858 3.42394 1.8152
-0.770908 3.44357 1.79104
-0.687509 3.46118 1.76688
-0.603709 3.47678 1.74273
-0.519556 3.49035 1.71857
-0.435101 3.50188 1.69442
-0.350391 3.51136 1.67026
-0.265477 3.5188 1.6461
-0.180408 3.52419 1.62195
-0.0952342 3.52752 1.59779
-0.0100044 3.52879 1.57364
0.0752312 3.528 1.54948
0.160423 3.52515 1.52532
0.245522 3.52025 1.50117
0.330476 3.51329 1.47701
0.415238 3.50429 1.45286
0.499758 3.49324 1.4287
0.583986 3.48015 1.40455
0.667874 3.46502 1.38039
0.751372 3.44788 1.35623
0.834431 3.42873 1.33208
0.917003 3.40757 1.30792
0.999041 3.38443 1.28377
1.0805 3.35931 1.25961
1.16132 3.33223 1.23545
1.24147 3.30321 1.2113
1.32089 3.27226 1.18714
1.39954 3.2394 1.16299
1.47738 3.20466 1.13883
1.55435 3.16804 1.11467
1.63042 3.12957 1.09052
1.70553 3.08928 1.06636
1.77965 3.04718 1.04221
1.85273 3.00331 1.01805
1.92473 2.95768 0.99389
1.99561 2.91033 0.969734
2.06532 2.86128 0.945578
2.13383 2.81056 0.921422
2.20109 2.7582 0.897266
2.26707 2.70423 0.87311
2.33172 2.64868 0.848955
2.39502 2.59159 0.824799
2.45692 2.53299 0.800643
2.51738 2.47291 0.776487
2.57637 2.41138 0.752331
2.63387 2.34845 0.728175
2.68982 2.28415 0.704019
2.77407 2.22828 0.704019
2.85664 2.16996 0.704019
2.93745 2.10923 0.704019
3.01644 2.04614 0.704019
3.09353 1.98075 0.704019
3.16866 1.91311 0.704019
3.24176 1.84329 0.704019
3.31277 1.77135 0.704019
3.38163 1.69734 0.704019
3.44828 1.62133 0.704019
3.51266 1.54339 0.704019
3.57471 1.46359 0.704019
3.63438 1.38199 0.704019
3.69162 1.29866 0.704019
3.74638 1.21369 0.704019
3.79861 1.12714 0.704019
3.84826 1.03908 0.704019
3.89529 0.949599 0.704019
3.93967 0.85877 0.704019
3.98135 0.766673 0.704019
4.02029 0.673387 0.704019
4.05647 0.578993 0.704019
4.08985 0.483573 0.704019
4.06197 0.44647 0.658995
4.03246 0.41066 0.61397
3.99916 0.50585 0.61397
3.96309 0.600019 0.61397
3.92425 0.693086 0.61397
3.8827 0.78497 0.61397
3.83846 0.875593 0.61397
3.79157 0.964874 0.61397
3.74208 1.05274 0.61397
3.69003 1.13911 0.61397
3.63545 1.22391 0.61397
3.57841 1.30707 0.61397
3.51894 1.38852 0.61397
3.45711 1.46818 0.61397
3.39296 1.54599 0.61397
3.32654 1.62188 0.61397
3.25793 1.69578 0.61397
3.18717 1.76763 0.61397
3.11432 1.83737 0.61397
3.03946 1.90493 0.61397
2.96264 1.97026 0.61397
2.88394 2.03331 0.61397
2.92554 1.96994 0.590908
2.96579 1.90569 0.567845
3.00465 1.8406 0.544783
3.04211 1.7747 0.52172
3.07815 1.70801 0.498658
3.11276 1.64057 0.475596
3.14591 1.57242 0.452533
3.17759 1.50357 0.429471
3.24081 1.43222 0.429471
3.30202 1.35913 0.429471
3.36117 1.28437 0.429471
3.41822 1.208 0.429471
3.47313 1.13007 0.429471
3.52584 1.05064 0.429471
3.57633 0.96977 0.429471
3.62455 0.887534 0.429471
3.67047 0.803989 0.429471
3.71404 0.719199 0.429471
3.75524 0.633231 0.429471
3.79404 0.546149 0.429471
3.83039 0.458023 0.429471
3.86428 0.36892 0.429471
3.89568 0.278909 0.429471
3.84693 0.286364 0.384654
3.79784 0.291768 0.339837
3.89552 0.291768 0.339837
3.9932 0.291768 0.339837
4.09088 0.291768 0.339837
4.18856 0.291768 0.339837
4.28624 0.291768 0.339837
4.38391 0.291768 0.339837
4.48159 0.291768 0.339837
4.57927 0.291768 0.339837
4.67695 0.291768 0.339837
4.77463 0.291768 0.339837
4.87231 0.291768 0.339837
4.96999 0.291768 0.339837
5.06767 0.291768 0.339837
5.16534 0.291768 0.339837
5.16534 0.386199 0.339837
5.16534 0.48063 0.339837
5.16534 0.575061 0.339837
5.16534 0.669492 0.339837
5.16534 0.763923 0.339837
5.16534 0.858354 0.339837
5.16534 0.952785 0.339837
5.16534 1.04722 0.339837
5.16534 1.14165 0.339837
5.16534 1.23608 0.339837
5.16534 1.33051 0.339837
5.16534 1.42494 0.339837
5.16534 1.51938 0.339837
5.16534 1.61381 0.339837
5.16534 1.70824 0.339837
5.21639 1.70405 0.274339
5.25678 1.70428 0.208841
5.28636 1.70892 0.143343
5.305 1.71797 0.077844
5.31261 1.73137 0.0123457
5.31261 1.63385 0.0123457
5.31261 1.53634 0.0123457
5.31261 1.43882 0.0123457
5.31261 1.34131 0.0123457
5.31261 1.24379 0.0123457
5.31261 1.14628 0.0123457
5.31261 1.04876 0.0123457
5.31261 0.951243 0.0123457
5.31261 0.853728 0.0123457
5.31261 0.756212 0.0123457
5.31261 0.658697 0.0123457
5.31261 0.561182 0.0123457
5.31261 0.463666 0.0123457
5.31261 0.366151 0.0123457
5.31261 0.268636 0.0123457
5.31281 0.265626 2.41824e-08
5.31281 0.363542 2.41824e-08
5.31281 0.461459 2.41824e-08
5.31281 0.559376 2.41824e-08
5.31281 0.657292 2.41824e-08
5.31281 0.755209 2.41824e-08
5.31281 0.853126 2.41824e-08
5.31281 0.951042 2.41824e-08
5.31281 1.04896 2.41824e-08
5.31281 1.14688 2.41824e-08
5.31281 1.2448 2.41824e-08
5.31281 1.34271 2.41824e-08
5.31281 1.44063 2.41824e-08
5.31281 1.53855 2.41824e-08
5.31281 1.63646 2.41824e-08
5.31281 1.73438 2.41824e-08
5.31281 1.73438 1.04938e-08
5.31281 1.63646 1.04938e-08
5.31281 1.53855 1.04938e-08
5.31281 1.44063 1.04938e-08
5.31281 1.34271 1.04938e-08
5.31281 1.2448 1.04938e-08
5.31281 1.14688 1.04938e-08
5.31281 1.04896 1.04938e-08
5.31281 0.951042 1.04938e-08
5.31281 0.853126 1.04938e-08
5.31281 0.755209 1.04938e-08
5.31281 0.657292 1.04938e-08
5.31281 0.559376 1.04938e-08
5.31281 0.461459 1.04938e-08
5.31281 0.363542 1.04938e-08
5.31281 0.265626 1.04938e-08
5.31281 0.265626 -7.47804e-09
5.31281 0.265626 -7.47804e-09
5.30628 0.280867 -0.0711427
5.28675 0.290971 -0.142285
5.20243 0.290971 -0.142285
5.11811 0.290971 -0.142285
5.0338 0.290971 -0.142285
4.94948 0.290971 -0.142285
4.95559 0.335014 -0.133392
4.9613 0.379109 -0.124499
4.96663 0.423253 -0.115606
4.97156 0.467442 -0.106714
4.9761 0.511674 -0.0978212
4.98025 0.555944 -0.0889283
4.984 0.60025 -0.0800355
4.98736 0.644587 -0.0711427
4.99032 0.688952 -0.0622498
4.99289 0.733342 -0.053357
4.99506 0.777753 -0.0444641
4.99684 0.822181 -0.0355713
4.99823 0.866624 -0.0266785
4.99921 0.911077 -0.0177856
4.99981 0.955537 -0.00889284
5 1.00001 -3.59858e-09
