-0.118005 8.85386e-11 -8.93309e-09
-0.118005 8.85401e-11 5.29055e-08
-0.118005 1.83411e-08 5.29055e-08
-0.118072 0.0108885 0.0123457
-0.118072 0.0108885 0.0123457
-0.118141 0.0155011 0.017576
-0.118141 0.0155011 0.017576
-0.118143 0.0155993 0.0176874
-0.118742 0.0360651 0.0409018
-0.118737 0.0360967 0.0409018
-0.119384 0.0493075 0.0559335
-0.117338 0.0494545 0.0559335
-0.117826 0.0495623 0.0560998
-0.119392 0.0494539 0.0560998
-0.11939 0.0494551 0.056101
-0.119391 0.0494546 0.056101
-0.119391 0.0494546 0.056101
-0.119357 0.049485 0.0561529
-0.119357 0.049485 0.0561529
-0.0955168 0.0715964 0.0930213
-0.0725074 0.0945716 0.12989
-0.060043 0.107754 0.150459
-0.0502982 0.118449 0.166864
-0.0504372 0.118206 0.166864
-0.0496731 0.119127 0.16798
-0.0497739 0.118811 0.16798
-0.0497739 0.118811 0.16798
-0.0495443 0.117745 0.168327
-0.0494297 0.119391 0.168327
-0.0494297 0.119391 0.168327
-0.0395702 0.118893 0.17952
-0.0395701 0.118893 0.17952
-0.0338687 0.118655 0.18599
-0.0338688 0.118655 0.18599
-0.0193138 0.118216 0.2025
-0.0193139 0.118216 0.2025
-0.0193139 0.118216 0.2025
-0.0155012 0.118141 0.206823
-0.00698375 0.118032 0.216481
0.00709309 0.118033 0.232442
0.0155482 0.118142 0.242029
0.0338007 0.118653 0.262732
0.0481894 0.119322 0.279064
0.0479195 0.119249 0.279064
0.0491115 0.11936 0.280179
0.0488161 0.119207 0.280179
0.0488161 0.119207 0.280179
0.0482697 0.118361 0.2805
0.049454 0.119392 0.2805
0.049454 0.119392 0.2805
0.0560896 0.11205 0.29172
0.0699738 0.0972073 0.314764
0.0725773 0.0944992 0.319023
0.0785231 0.0883998 0.328681
0.0884265 0.0784969 0.34456
0.0945871 0.0724925 0.354314
0.109465 0.0584621 0.3775
0.118449 0.0502981 0.391264
0.118206 0.0504371 0.391264
0.119127 0.0496733 0.392379
0.11881 0.0497741 0.392379
0.11881 0.0497741 0.392379
0.117825 0.0495621 0.3927
0.119392 0.0494535 0.3927
0.119392 0.049453 0.3927
0.119392 0.0494529 0.3927
0.118893 0.0395701 0.40392
0.118216 0.0192908 0.426925
0.118141 0.0155012 0.431223
0.118141 0.0155011 0.431223
0.118005 -0.000848208 0.449761
0.118005 -0.000848185 0.449761
0.118005 -0.000848185 0.449761
0.118346 -0.0245276 0.476612
0.119322 -0.0481894 0.503463
0.119249 -0.0479194 0.503463
0.11936 -0.0491114 0.504579
0.119207 -0.0488161 0.504579
0.119207 -0.0488161 0.504579
0.118361 -0.0482699 0.504899
0.119392 -0.0494539 0.504899
0.119392 -0.0494542 0.504899
0.119392 -0.0494542 0.504899
0.11205 -0.0560896 0.516119
0.0972457 -0.0699371 0.539103
0.0944991 -0.0725774 0.543423
0.0883998 -0.0785232 0.55308
0.0784618 -0.0884622 0.569016
0.0725137 -0.0945651 0.578678
0.058462 -0.109465 0.6019
0.0584359 -0.109483 0.6019
0.0527083 -0.115769 0.61157
0.0495516 -0.119283 0.616932
0.048001 -0.11794 0.616932
0.0482701 -0.118362 0.617099
0.0494538 -0.119392 0.617099
0.0494533 -0.119392 0.617099
0.0494536 -0.119392 0.617099
0.0494535 -0.119392 0.617099
0.0494536 -0.119392 0.617099
0.0395702 -0.118893 0.628319
0.0395701 -0.118893 0.628319
0.0197027 -0.118225 0.650858
0.0193732 -0.118217 0.651231
0.0193649 -0.118217 0.651241
0.019365 -0.118217 0.651241
0.0192544 -0.118215 0.651366
0.0155011 -0.118141 0.655622
0.00698387 -0.118032 0.66528
-0.00702614 -0.118033 0.681165
-0.0156162 -0.118143 0.690905
-0.0156161 -0.118143 0.690905
-0.0388024 -0.118859 0.717207
-0.0388024 -0.118859 0.717207
-0.04819 -0.119322 0.727863
-0.0479201 -0.119249 0.727863
-0.0491113 -0.11936 0.728978
-0.0488162 -0.119207 0.728978
-0.0488162 -0.119207 0.728978
-0.04827 -0.118362 0.729298
-0.0494539 -0.119392 0.729298
-0.0494542 -0.119392 0.729299
-0.0494542 -0.119392 0.729299
-0.0560896 -0.11205 0.740519
-0.0699319 -0.0972511 0.763494
-0.0725773 -0.0944992 0.767822
-0.0785233 -0.0883996 0.77748
-0.0785233 -0.0883997 0.77748
-0.0907507 -0.0762178 0.79705
-0.0907508 -0.0762177 0.79705
-0.0909532 -0.07602 0.797371
-0.107733 -0.0600623 0.823626
-0.118449 -0.0502978 0.840063
-0.118207 -0.0504368 0.840063
-0.119127 -0.0496733 0.841178
-0.118811 -0.049774 0.841178
-0.118811 -0.049774 0.841178
-0.117468 -0.0494832 0.84162
-0.119386 -0.0493467 0.84162
-0.119386 -0.0493467 0.84162
-0.118768 -0.0366976 0.855978
-0.118768 -0.0366975 0.855978
-0.118233 -0.0200637 0.874848
-0.118141 -0.0155011 0.880022
-0.118141 -0.0155011 0.880022
-0.118141 -0.0155011 0.880022
-0.118141 -0.0155011 0.880022
-0.118005 1.06134e-08 0.897598
-0.118005 7.32521e-09 0.897598
-0.118005 7.32521e-09 0.897598
